4240
4340
4441
4545
4640
4741
4845
4940
5041
5145
5240
5340
5440
5544
5641
5740
5840
5945
6040
6140
6240
6340
6440
6545
6640
6740
6840
6944
7041
7140
7244
7341
7440
7544
7641
7740
7840
7945
8040
8140
8245
8340
8440
8541
8644
8740
8841
8944
9040
9140
9245
9340
9440
9540
9645
9740
9840
9945
10040
10140
10245
10340
10440
10541
10645
10740
10841
10940
11040
11141
11245
11340
11441
11540
11644
11741
11840
12140
12240
12345
12440
12540
12645
12740
12840
12941
13044
13140
13240
13344
13441
13540
13644
13741
13840
13940
14045
