1800321
1800383
1800459
1800499
1801327
1801390
1801476
1801536
1801607
1801631
1801706
1801747
1802330
1802392
1802467
1802508
1803333
1803396
1803470
1803511
1804637
1804701
1804776
1804817
1805638
1805702
1805777
1805818
1806675
1806739
1806813
1806886
1806961
1806983
1807058
1807099
1807687
1807756
1807826
1807867
1808638
1808702
1808778
1808819
1809631
1809694
1809770
1809811
1810654
1810712
1810788
1810829
1811697
1811761
1811834
1811908
1811979
1812004
1812080
1812121
1812633
1812696
1812771
1812812
1813702
1813766
1813841
1813882
1814632
1814695
1814771
1814812
1815628
1815691
1815766
1815805
1816641
1816705
1816778
1816856
1816924
1816951
1817025
1817066
1817676
1817740
1817816
1817857
1818679
1818741
1818817
1818858
1819613
1819673
1819750
1819790
1820616
1820678
1820753
1820794
1821628
1821691
1821765
1821839
1821911
1821935
1822011
1822052
1822693
1822754
1822830
1822871
1823684
1823753
1823821
1823862
1824665
1824724
1824800
1824852
1825615
1825674
1825750
1825790
1826616
1826674
1826751
1826822
1826893
1826919
1826995
1827036
1827655
1827715
1827790
1827831
1828648
1828706
1828782
1828823
1829621
1829681
1829755
1829795
1830596
1830652
1830729
1830770
1831581
1831644
1831714
1831788
1831860
1831889
1831965
1832006
1832647
1832706
1832781
1832822
1833585
1833648
1833717
1833758
1834601
1834657
1834733
1834774
1835600
1835659
1835735
1835776
1836632
1836690
1836764
1836841
1836909
1836942
1837016
1837057
1837584
1837643
1837718
1837759
1838588
1838646
1838721
1838761
1839680
1839740
1839816
1839857
1840666
1840727
1840802
1840843
1841308
1841369
1841441
1841514
1841586
1841615
1841689
1841729
1842297
1842358
1842439
1842473
1843307
1843367
1843443
1843483
1844307
1844368
1844443
1844484
1845307
1845367
1845441
1845481
1846325
1846385
1846458
1846542
1846602
1846637
1846706
1846746
1847296
1847356
1847437
1847472
1848320
1848380
1848455
1848496
1849309
1849369
1849444
1849485
1850310
1850371
1850444
1850484
1851310
1851370
1851443
1851515
1851587
1851617
1851692
1851735
1852307
1852369
1852445
1852485
1853304
1853367
1853442
1853483
1854296
1854360
1854435
1854476
1855296
1855361
1855434
1855474
1856300
1856362
1856435
1856507
1856578
1856603
1856678
1856718
1857301
1857363
1857438
1857479
1858318
1858380
1858455
1858495
1859291
1859353
1859431
1859469
1860299
1860362
1860438
1860477
1861315
1861378
1861450
1861523
1861594
1861619
1861694
1861734
1862305
1862368
1862443
1862482
1863288
1863351
1863429
1863467
1864298
1864360
1864435
1864476
1865306
1865368
1865443
1865484
1866311
1866374
1866446
1866520
1866591
1866615
1866689
1866732
1867296
1867359
1867431
1867470
1868297
1868359
1868433
1868473
1869301
1869364
1869438
1869479
1870297
1870361
1870435
1870475
1871311
1871376
1871449
1871529
1871592
1871618
1871692
1871732
1872286
1872351
1872424
1872464
1873296
1873360
1873434
1873473
1874309
1874373
1874448
1874489
1875301
1875365
1875439
1875479
1876312
1876376
1876449
1876523
1876592
1876628
1876691
1876731
1877289
1877354
1877428
1877468
1878667
1878732
1878808
1878849
1879597
1879662
1879738
1879779
1880621
1880681
1880757
1880799
1881669
1881735
1881808
1881882
1881954
1881978
1882052
1882091
1882661
1882727
1882803
1882844
1883642
1883706
1883780
1883820
1884594
1884657
1884733
1884774
1885600
1885664
1885740
1885780
1886590
1886654
1886728
1886801
1886873
1886898
1886974
1887023
1887657
1887722
1887797
1887838
1888651
1888717
1888788
1888828
1889649
1889717
1889787
1889828
1890633
1890697
1890771
1890816
1891585
1891648
1891721
1891794
1891866
1891892
1891968
1892008
1892639
1892703
1892779
1892832
1893598
1893661
1893736
1893776
1894679
1894743
1894818
1894859
1895647
1895713
1895786
1895827
1896613
1896670
1896743
1896817
1896889
1896919
1896990
1897031
1897594
1897658
1897734
1897775
1898602
1898665
1898740
1898781
1899641
1899702
1899778
1899819
1900628
1900692
1900768
1900811
1901611
1901666
1901740
1901813
1901885
1901911
1901985
1902026
1902598
1902661
1902737
1902778
1903628
1903689
1903765
1903810
1904645
1904709
1904784
1904825
1905630
1905691
1905767
1905809
1906614
1906674
1906748
1906822
1906893
1906919
1906995
1907036
1907599
1907662
1907738
1907779
1908630
1908690
1908766
1908812
1909628
1909690
1909765
1909807
1910625
1910686
1910762
1910806
1911646
1911707
1911781
1911854
1911925
1911951
1912027
1912068
1912584
1912645
1912721
1912762
1913624
1913686
1913761
1913805
1914586
1914649
1914725
1914766
1915645
1915707
1915783
1915824
1916623
1916685
1916759
1916832
1916904
1916929
1917005
1917046
1917587
1917648
1917724
1917765
1918584
1918648
1918724
1918765
1919575
1919638
1919713
1919753
1920631
1920693
1920768
1920808
1921568
1921629
1921707
1921776
1921848
1921879
1921954
1922001
1922585
1922649
1922722
1922761
1923584
1923647
1923723
1923764
1924605
1924666
1924742
1924820
1925640
1925773
1925780
1925816
1926645
1926707
1926780
1926854
1926926
1926957
1927032
1927073
1927633
1927704
1927772
1927812
1928590
1928653
1928729
1928770
1929590
1929653
1929729
1929769
1930590
1930651
1930726
1930766
1931644
1931708
1931782
1931855
1931927
1931958
1932034
1932075
1932652
1932716
1932796
1932832
1933651
1933714
1933801
1933831
1934651
1934713
1934800
1934830
1935648
1935712
1935788
1935828
1936650
1936713
1936787
1936861
1936932
1936957
1937033
1937074
1937650
1937714
1937794
1937830
1938598
1938659
1938735
1938776
1939598
1939661
1939737
1939778
1940577
1940640
1940716
1940757
1941633
1941696
1941770
1941843
1941915
1941940
1942016
1942056
1942609
1942673
1942749
1942797
1943592
1943656
1943732
1943773
1944591
1944650
1944726
1944767
1945569
1945632
1945708
1945749
1946642
1946705
1946779
1946853
1946924
1946949
1947025
1947066
1947636
1947700
1947774
1947814
1948655
1948720
1948806
1948834
1949575
1949637
1949713
1949754
1950573
1950637
1950712
1950753
1951579
1951642
1951716
1951793
1951861
1951887
1951963
1952004
1952638
1952702
1952778
1952819
1953616
1953680
1953756
1953797
1954594
1954659
1954735
1954777
1955614
1955678
1955753
1955794
1956620
1956684
1956757
1956831
1956902
1956927
1957003
1957044
1957635
1957698
1957774
1957815
1958651
1958716
1958792
1958833
1959575
1959641
1959716
1959757
1960626
1960689
1960764
1960806
1961597
1961663
1961737
1961810
1961882
1961913
1961988
1962028
1962621
1962687
1962763
1962804
1963590
1963655
1963730
1963771
1964585
1964640
1964716
1964756
1965581
1965646
1965722
1965763
1966601
1966666
1966740
1966814
1966885
1966916
1966991
1967033
1967627
1967697
1967768
1967809
1968627
1968693
1968769
1968809
1969620
1969685
1969761
1969802
1970583
1970649
1970724
1970765
1971568
1971634
1971707
1971781
1971853
1971883
1971958
1971999
1972578
1972642
1972718
1972759
1973613
1973679
1973754
1973795
1974615
1974680
1974756
1974797
1975578
1975644
1975719
1975760
1976634
1976699
1976775
1976847
1976919
1976948
1977024
1977065
1977619
1977684
1977760
1977801
1978632
1978697
1978779
1978814
1979610
1979679
1979750
1979791
1980574
1980639
1980713
1980753
1981629
1981693
1981777
1981841
1981913
1981943
1982018
1982058
1982553
1982618
1982693
1982733
1983625
1983690
1983765
1983805
1984565
1984630
1984706
1984747
1985584
1985649
1985724
1985776
1986576
1986641
1986714
1986788
1986860
1986890
1986970
1987005
1987543
1987608
1987684
1987725
1988597
1988662
1988738
1988779
1989560
1989624
1989700
1989741
1990607
1990672
1990748
1990790
1991595
1991660
1991733
1991808
1991878
1991909
1991985
1992026
1992551
1992616
1992691
1992731
1993573
1993629
1993705
1993746
1994599
1994668
1994740
1994781
1995589
1995655
1995730
1995771
1996571
1996632
1996705
1996779
1996851
1996881
1996956
1996996
1997604
1997669
1997744
1997784
1998608
1998672
1998748
1998789
1999588
1999653
1999729
1999770
2000588
2000654
2000729
2000770
2001542
2001607
2001681
2001755
2001826
2001857
2001932
2001974
2002604
2002669
2002745
2002786
2003537
2003602
2003678
2003719
2004591
2004679
2004731
2004771
2005537
2005603
2005678
2005718
2006561
2006624
2006697
2006771
2006843
2006873
2006947
2006987
2007544
2007610
2007686
2007727
2008545
2008610
2008685
2008725
2009594
2009660
2009735
2009777
2010553
2010618
2010693
2010735
2011606
2011671
2011745
2011819
2011890
2011921
2011996
2012036
2012609
2012675
2012750
2012791
2013563
2013623
2013699
2013740
2014536
2014602
2014675
2014715
2015557
2015618
2015692
2015732
2016562
2016622
2016696
2016770
2016841
2016866
2016942
2016983
2017580
2017645
2017720
2017760
2018575
2018640
2018715
2018756
2019593
2019660
2019734
2019775
2020605
2020670
2020746
2020787
2021535
2021601
2021675
2021754
2021820
2021844
2021919
2021959
2022579
2022644
2022720
2022761
2023598
2023663
2023739
2023780
2024588
2024653
2024727
2024767
2025607
2025672
2025757
2025789
2026570
2026636
2026710
2026783
2026857
2026880
2026954
2026994
2027523
2027587
2027663
2027704
2028542
2028608
2028683
2028723
2029536
2029601
2029677
2029718
2030573
2030639
2030714
2030755
2031523
2031589
2031663
2031736
2031808
2031833
2031907
2031954
2032582
2032654
2032723
2032764
2033590
2033654
2033730
2033771
2034537
2034601
2034676
2034716
2035542
2035606
2035682
2035723
2036527
2036591
2036665
2036739
2036810
2036836
2036912
2036953
2037519
2037583
2037659
2037700
2038588
2038653
2038728
2038768
2039588
2039654
2039730
2039771
2040570
2040636
2040711
2040751
2041575
2041645
2041714
2041788
2041857
2041882
2041957
2041997
2042526
2042592
2042665
2042704
2043587
2043653
2043728
2043769
2044536
2044602
2044676
2044717
2045555
2045621
2045697
2045748
2046567
2046632
2046705
2046780
2046849
2046874
2046950
2046991
2047543
2047608
2047683
2047723
2048533
2048599
2048673
2048713
2049513
2049577
2049653
2049694
2050523
2050588
2050664
2050705
2051533
2051598
2051672
2051745
2051815
2051841
2051916
2051957
2052585
2052651
2052726
2052767
2053529
2053595
2053669
2053709
2054565
2054631
2054705
2054744
2055555
2055620
2055696
2055739
2056540
2056605
2056679
2056753
2056822
2056847
2056923
2056964
2057510
2057575
2057650
2057690
2058506
2058571
2058647
2058688
2059555
2059621
2059695
2059737
2060575
2060641
2060715
2060755
2061559
2061625
2061699
2061772
2061842
2061867
2061942
2061983
2062598
2062662
2062737
2062778
2063201
2063265
2063340
2063381
2064555
2064620
2064694
2064735
2065503
2065568
2065643
2065683
2066555
2066620
2066694
2066767
2066837
2066863
2066938
2066979
2067560
2067625
2067701
2067742
2068537
2068602
2068678
2068719
2069559
2069623
2069699
2069740
2070498
2070563
2070638
2070678
2071506
2071571
2071645
2071718
2071788
2071814
2071889
2071931
2072493
2072558
2072636
2072673
2073547
2073613
2073688
2073747
2074519
2074585
2074660
2074701
2075512
2075578
2075653
2075693
2076587
2076652
2076729
2076800
2076869
2076894
2076969
2077010
2077572
2077637
2077712
2077754
2078496
2078562
2078638
2078679
2079499
2079564
2079640
2079681
2080520
2080584
2080660
2080701
2081511
2081575
2081649
2081726
2081793
2081826
2081899
2081940
2082581
2082647
2082731
2082763
2083561
2083631
2083701
2083742
2084548
2084614
2084688
2084728
2085568
2085633
2085708
2085749
2086585
2086650
2086724
2086798
2086867
2086897
2086973
2087014
2087557
2087624
2087697
2087737
2088572
2088637
2088713
2088754
2089500
2089565
2089639
2089679
2090552
2090622
2090692
2090733
2091501
2091566
2091639
2091713
2091783
2091813
2091889
2091930
2092510
2092574
2092650
2092691
2093496
2093561
2093637
2093678
2094558
2094623
2094698
2094738
2095492
2095556
2095632
2095673
2096520
2096579
2096653
2096727
2096796
2096827
2096901
2096941
2097560
2097626
2097701
2097742
2098548
2098619
2098688
2098727
2099485
2099551
2099627
2099667
2100482
2100547
2100623
2100664
2101501
2101567
2101641
2101718
2101783
2101817
2101890
2101931
2102482
2102548
2102624
2102665
2103546
2103616
2103687
2103727
2104496
2104560
2104636
2104677
2105484
2105549
2105625
2105666
2106543
2106607
2106681
2106755
2106824
2106855
2106932
2106970
2107547
2107615
2107687
2107727
2108537
2108603
2108679
2108720
2109540
2109605
2109679
2109720
2110517
2110581
2110657
2110698
2111540
2111605
2111679
2111753
2111822
2111848
2111924
2111965
2112494
2112560
2112635
2112676
2113539
2113604
2113680
2113721
2114527
2114592
2114668
2114711
2115549
2115613
2115689
2115730
2116515
2116577
2116651
2116724
2116794
2116818
2116894
2116935
2117474
2117539
2117614
2117654
2118525
2118591
2118667
2118710
2119556
2119621
2119696
2119738
2120498
2120562
2120638
2120679
2121488
2121553
2121627
2121701
2121771
2121795
2121870
2121910
2122512
2122577
2122653
2122694
2123482
2123546
2123622
2123663
2124523
2124588
2124663
2124711
2125489
2125554
2125628
2125667
2126480
2126544
2126618
2126692
2126761
2126787
2126862
2126906
2127550
2127614
2127690
2127731
2128555
2128620
2128696
2128737
2129537
2129604
2129676
2129715
2130526
2130591
2130667
2130708
2131485
2131551
2131624
2131708
2131768
2131792
2131869
2131910
2132525
2132589
2132664
2132705
2133465
2133530
2133606
2133647
2134554
2134631
2134695
2134736
2135478
2135543
2135619
2135660
2136502
2136565
2136639
2136713
2136782
2136808
2136883
2136923
2137479
2137543
2137619
2137660
2138536
2138602
2138678
2138719
2139518
2139584
2139660
2139701
2140505
2140565
2140641
2140682
2141518
2141584
2141658
2141731
2141804
2141826
2141901
2141942
2142527
2142593
2142667
2142709
2143464
2143529
2143604
2143644
2144462
2144528
2144604
2144645
2145512
2145577
2145653
2145697
2146485
2146550
2146624
2146698
2146767
2146797
2146868
2146909
2147470
2147535
2147611
2147652
2148517
2148582
2148658
2148701
2149529
2149596
2149670
2149711
2150533
2150600
2150674
2150715
2151538
2151603
2151676
2151750
2151820
2151845
2151921
2151962
2152499
2152554
2152630
2152671
2153535
2153600
2153675
2153717
2154459
2154523
2154598
2154638
2155523
2155592
2155663
2155704
2156471
2156535
2156609
2156683
2156752
2156778
2156854
2156895
2157457
2157522
2157597
2157639
2158467
2158531
2158627
2158648
2159509
2159575
2159650
2159695
2160504
2160570
2160644
2160683
2161466
2161531
2161604
2161678
2161747
2161773
2161848
2161890
2162525
2162594
2162665
2162707
2163515
2163580
2163656
2163697
2164463
2164529
2164603
2164643
2165456
2165521
2165596
2165636
2166466
2166532
2166605
2166679
2166748
2166773
2166849
2166893
2167476
2167541
2167617
2167658
2168502
2168566
2168641
2168691
2169516
2169586
2169657
2169698
2170536
2170601
2170677
2170718
2171521
2171586
2171659
2171732
2171802
2171828
2171902
2171942
2172485
2172548
2172623
2172664
2173513
2173585
2173654
2173696
2174501
2174566
2174642
2174684
2175472
2175537
2175612
2175653
2176524
2176589
2176662
2176737
2176805
2176836
2176912
2176953
2177457
2177522
2177596
2177636
2178473
2178539
2178615
2178656
2179472
2179537
2179613
2179654
2180505
2180571
2180646
2180687
2181518
2181583
2181656
2181730
2181799
2181830
2181906
2181947
2182470
2182535
2182609
2182651
2183515
2183580
2183655
2183695
2184523
2184589
2184665
2184706
2185453
2185519
2185594
2185635
2186454
2186519
2186593
2186667
2186735
2186766
2186842
2186883
2187459
2187525
2187600
2187641
2188482
2188548
2188623
2188664
2189501
2189566
2189642
2189683
2190509
2190577
2190650
2190691
2191504
2191569
2191643
2191717
2191785
2191811
2191886
2191926
2192507
2192581
2192648
2192689
2193480
2193543
2193618
2193659
2194522
2194586
2194662
2194703
2195475
2195535
2195611
2195652
2196502
2196568
2196640
2196715
2196784
2196809
2196884
2196924
2197517
2197582
2197658
2197699
2198453
2198517
2198593
2198634
2199444
2199510
2199584
2199626
2200477
2200538
2200613
2200654
2201516
2201581
2201655
2201729
2201798
2201823
2201899
2201939
2202456
2202521
2202597
2202638
2203502
2203576
2203641
2203682
2204449
2204515
2204591
2204632
2205510
2205575
2205650
2205691
2206525
2206590
2206669
2206738
2206808
2206832
2206908
2206949
2207439
2207505
2207581
2207622
2208448
2208513
2208588
2208629
2209445
2209511
2209587
2209628
2210509
2210575
2210649
2210689
2211507
2211571
2211645
2211719
2211788
2211814
2211889
2211929
2212507
2212573
2212647
2212689
2213501
2213567
2213641
2213681
2214455
2214520
2214607
2214635
2215494
2215566
2215633
2215672
2216470
2216527
2216600
2216675
2216743
2216769
2216845
2216886
2217518
2217582
2217657
2217697
2218497
2218564
2218636
2218676
2219450
2219515
2219590
2219632
2220439
2220504
2220577
2220616
2221438
2221503
2221577
2221650
2221720
2221751
2221826
2221865
2222483
2222546
2222622
2222663
2223433
2223499
2223575
2223616
2224506
2224572
2224648
2224689
2225453
2225518
2225593
2225633
2226460
2226521
2226594
2226668
2226738
2226768
2226844
2226885
2227481
2227546
2227620
2227660
2228481
2228546
2228622
2228663
2229438
2229504
2229579
2229620
2230459
2230521
2230597
2230638
2231458
2231524
2231598
2231671
2231741
2231772
2231846
2231885
2232444
2232510
2232586
2232627
2233485
2233549
2233625
2233666
2234476
2234541
2234616
2234657
2235474
2235540
2235616
2235657
2236510
2236574
2236648
2236722
2236791
2236822
2236898
2236939
2237476
2237542
2237618
2237659
2238490
2238556
2238629
2238669
2239471
2239537
2239612
2239654
2240440
2240505
2240581
2240622
2241434
2241500
2241573
2241647
2241717
2241747
2241823
2241864
2242444
2242509
2242583
2242623
2243469
2243534
2243610
2243653
2244426
2244492
2244568
2244609
2245487
2245553
2245627
2245668
2246443
2246508
2246582
2246656
2246725
2246757
2246830
2246870
2247438
2247503
2247579
2247620
2248480
2248551
2248621
2248662
2249476
2249541
2249617
2249658
2250426
2250491
2250567
2250608
2251419
2251485
2251558
2251632
2251702
2251731
2251807
2251854
2252419
2252483
2252559
2252600
2253416
2253481
2253557
2253598
2254476
2254541
2254616
2254656
2255422
2255488
2255563
2255604
2256424
2256490
2256564
2256637
2256707
2256738
2256813
2256855
2257474
2257539
2257614
2257655
2258472
2258537
2258612
2258652
2259471
2259536
2259611
2259651
2260474
2260545
2260614
2260655
2261427
2261492
2261566
2261645
2261708
2261750
2261815
2261856
2262473
2262538
2262612
2262652
2263430
2263495
2263571
2263612
2264482
2264548
2264623
2264663
2265484
2265549
2265624
2265666
2266486
2266552
2266625
2266699
2266768
2266799
2266872
2266911
2267418
2267484
2267558
2267598
2268421
2268486
2268561
2268601
2269480
2269546
2269620
2269659
2270456
2270522
2270598
2270641
2271413
2271477
2271551
2271625
2271694
2271725
2271800
2271857
2272420
2272485
2272560
2272600
2273404
2273470
2273546
2273587
2274415
2274481
2274556
2274597
2275475
2275539
2275615
2275656
2276425
2276491
2276564
2276638
2276708
2276739
2276807
2276845
2277403
2277469
2277544
2277585
2278482
2278548
2278622
2278662
2279457
2279523
2279598
2279638
2280468
2280537
2280608
2280648
2281451
2281516
2281589
2281663
2281741
2281758
2281836
2281871
2282423
2282488
2282563
2282605
2283464
2283540
2283604
2283646
2284411
2284477
2284553
2284594
2285471
2285536
2285611
2285650
2286410
2286476
2286550
2286623
2286693
2286718
2286793
2286834
2287409
2287474
2287550
2287591
2288409
2288475
2288550
2288591
2289459
2289523
2289599
2289640
2290481
2290546
2290622
2290663
2291416
2291480
2291554
2291637
2291697
2291723
2291799
2291879
2292465
2292532
2292604
2292645
2293467
2293532
2293607
2293647
2294412
2294477
2294553
2294594
2295394
2295458
2295533
2295573
2296488
2296553
2296635
2296700
2296770
2296796
2296870
2296910
2297399
2297464
2297540
2297581
2298406
2298471
2298547
2298588
2299453
2299518
2299594
2299635
2300447
2300511
2300587
2300627
2301469
2301533
2301606
2301680
2301748
2301772
2301848
2301889
2302457
2302527
2302597
2302638
2303404
2303466
2303542
2303583
2304442
2304505
2304581
2304626
2305410
2305473
2305549
2305590
2306453
2306516
2306590
2306664
2306732
2306756
2306832
2306873
2307398
2307461
2307536
2307577
2308398
2308461
2308536
2308578
2309411
2309475
2309551
2309592
2310440
2310504
2310580
2310624
2311472
2311537
2311611
2311685
2311753
2311779
2311855
2311896
2312412
2312477
2312552
2312594
2313452
2313522
2313593
2313634
2314463
2314528
2314604
2314645
2315401
2315466
2315542
2315583
2316377
2316441
2316521
2316589
2316658
2316684
2316760
2316801
2317425
2317487
2317562
2317603
2318371
2318437
2318513
2318554
2319464
2319529
2319605
2319646
2320450
2320524
2320590
2320630
2321440
2321505
2321579
2321652
2321722
2321747
2321823
2321864
2322444
2322509
2322584
2322624
2323401
2323467
2323543
2323584
2324438
2324502
2324577
2324618
2325410
2325475
2325551
2325592
2326420
2326486
2326559
2326633
2326703
2326727
2326803
2326844
2327442
2327507
2327582
2327622
2328387
2328453
2328527
2328567
2329383
2329449
2329525
2329566
2330397
2330463
2330539
2330579
2331444
2331518
2331583
2331657
2331725
2331751
2331827
2331868
2332447
2332519
2332589
2332630
2333379
2333445
2333518
2333557
2334431
2334496
2334572
2334613
2335413
2335473
2335549
2335590
2336375
2336441
2336515
2336588
2336658
2336683
2336757
2336797
2337383
2337448
2337523
2337563
2338416
2338477
2338552
2338593
2339380
2339444
2339520
2339561
2340431
2340496
2340572
2340614
2341446
2341512
2341585
2341659
2341729
2341760
2341834
2341874
2342421
2342487
2342561
2342601
2343402
2343467
2343542
2343583
2344422
2344487
2344563
2344613
2345443
2345508
2345584
2345625
2346427
2346492
2346566
2346640
2346713
2346740
2346816
2346857
2347437
2347512
2347577
2347617
2348421
2348486
2348562
2348607
2349350
2349415
2349490
2349530
2350394
2350459
2350535
2350576
2351409
2351474
2351548
2351622
2351691
2351722
2351798
2351839
2352465
2352531
2352607
2352648
2353421
2353486
2353561
2353609
2354418
2354484
2354560
2354604
2355421
2355485
2355560
2355604
2356463
2356528
2356603
2356675
2356745
2356775
2356850
2356890
2357453
2357551
2357595
2357636
2358392
2358458
2358533
2358575
2359394
2359458
2359533
2359573
2360386
2360452
2360527
2360568
2361435
2361506
2361574
2361648
2361716
2361747
2361823
2361864
2362441
2362507
2362582
2362621
2363450
2363528
2363591
2363676
2364401
2364466
2364540
2364580
2365379
2365445
2365520
2365561
2366452
2366518
2366592
2366665
2366734
2366765
2366839
2366879
2367345
2367411
2367485
2367525
2368408
2368474
2368548
2368588
2369406
2369472
2369548
2369589
2370358
2370423
2370499
2370540
2371344
2371408
2371482
2371556
2371625
2371651
2371726
2371766
2372346
2372412
2372486
2372525
2373431
2373496
2373570
2373610
2374354
2374420
2374496
2374537
2375421
2375487
2375563
2375604
2376359
2376425
2376500
2376572
2376642
2376667
2376742
2376783
2377385
2377451
2377527
2377568
2378407
2378473
2378549
2378594
2379437
2379501
2379575
2379614
2380380
2380445
2380521
2380562
2381392
2381454
2381528
2381601
2381671
2381697
2381772
2381813
2382372
2382438
2382514
2382555
2383366
2383431
2383506
2383548
2384410
2384476
2384550
2384591
2385423
2385496
2385562
2385603
2386421
2386490
2386558
2386632
2386702
2386726
2386801
2386841
2387405
2387469
2387543
2387581
2388408
2388471
2388546
2388589
2389427
2389494
2389564
2389604
2390409
2390471
2390547
2390593
2391377
2391441
2391515
2391588
2391658
2391688
2391757
2391797
2392367
2392430
2392505
2392547
2393351
2393414
2393492
2393529
2394402
2394466
2394542
2394587
2395362
2395424
2395500
2395541
2396428
2396491
2396564
2396638
2396707
2396733
2396809
2396850
2397352
2397416
2397491
2397529
2398360
2398424
2398499
2398540
2399421
2399484
2399559
2399599
2400424
2400488
2400564
2400605
2401368
2401431
2401505
2401584
2401648
2401673
2401750
2401789
2402353
2402416
2402492
2402533
2403356
2403419
2403493
2403533
2404373
2404436
2404512
2404553
2405402
2405466
2405541
2405582
2406365
2406428
2406502
2406587
2406645
2406670
2406746
2406787
2407362
2407426
2407499
2407540
2408398
2408461
2408536
2408581
2409402
2409464
2409540
2409582
2410416
2410480
2410554
2410595
2411423
2411487
2411559
2411634
2411703
2411728
2411804
2411845
2412360
2412424
2412499
2412540
2413421
2413485
2413559
2413599
2414381
2414446
2414522
2414563
2415407
2415477
2415548
2415589
2416443
2416508
2416582
2416656
2416726
2416750
2416824
2416863
2417413
2417478
2417554
2417595
2418376
2418440
2418515
2418556
2419355
2419420
2419494
2419534
2420392
2420457
2420533
2420576
2421379
2421444
2421518
2421592
2421661
2421686
2421761
2421800
2422384
2422450
2422525
2422566
2423362
2423428
2423502
2423542
2424352
2424418
2424494
2424535
2425352
2425417
2425493
2425534
2426420
2426485
2426559
2426633
2426702
2426728
2426803
2426843
2427352
2427416
2427492
2427533
2428349
2428414
2428490
2428531
2429372
2429436
2429511
2429551
2430419
2430485
2430561
2430602
2431413
2431477
2431551
2431625
2431694
2431720
2431795
2431835
2432408
2432476
2432549
2432590
2433351
2433417
2433491
2433531
2434430
2434495
2434571
2434612
2435369
2435434
2435510
2435551
2436427
2436492
2436574
2436639
2436709
2436740
2436815
2436856
2437360
2437426
2437501
2437542
2438345
2438411
2438486
2438525
2439356
2439421
2439497
2439538
2440434
2440499
2440574
2440615
2441410
2441476
2441549
2441623
2441692
2441722
2441798
2441839
2442352
2442418
2442493
2442534
2443416
2443482
2443557
2443598
2444406
2444472
2444548
2444589
2445343
2445409
2445484
2445523
2446380
2446445
2446519
2446593
2446664
2446693
2446769
2446810
2447406
2447471
2447546
2447586
2448357
2448421
2448497
2448538
2449345
2449411
2449485
2449527
2450399
2450464
2450539
2450580
2451407
2451473
2451547
2451620
2451690
2451715
2451789
2451829
2452429
2452494
2452569
2452609
2453398
2453467
2453538
2453579
2454351
2454417
2454492
2454532
2455401
2455467
2455542
2455583
2456353
2456419
2456493
2456566
2456635
2456660
2456736
2456777
2457406
2457470
2457546
2457587
2458345
2458411
2458485
2458525
2459342
2459408
2459484
2459525
2460339
2460403
2460479
2460520
2461393
2461459
2461533
2461606
2461676
2461701
2461776
2461817
2462402
2462468
2462542
2462582
2463343
2463409
2463483
2463523
2464357
2464419
2464495
2464536
2465392
2465457
2465532
2465573
2466410
2466476
2466549
2466623
2466693
2466729
2466805
2466846
2467340
2467405
2467480
2467520
2468345
2468410
2468485
2468525
2469355
2469415
2469491
2469532
2470419
2470484
2470560
2470601
2471403
2471469
2471542
2471616
2471686
2471723
2471796
2471835
2472399
2472464
2472539
2472579
2473399
2473464
2473540
2473581
2474378
2474443
2474518
2474558
2475401
2475466
2475541
2475583
2476422
2476487
2476561
2476635
2476706
2476751
2476824
2476865
2477352
2477418
2477493
2477533
2478383
2478451
2478524
2478565
2479301
2479367
2479442
2479483
2480304
2480369
2480450
2480486
2481357
2481423
2481497
2481570
2481641
2481684
2481760
2481801
2482401
2482466
2482542
2482583
2483404
2483470
2483549
2483587
2484354
2484416
2484492
2484533
2485323
2485389
2485465
2485506
2486397
2486463
2486537
2486610
2486682
2486713
2486789
2486830
2487377
2487447
2487519
2487560
2488334
2488399
2488475
2488516
2489302
2489366
2489451
2489483
2490311
2490377
2490452
2490493
2491384
2491450
2491524
2491597
2491669
2491700
2491774
2491816
2492381
2492445
2492521
2492562
2493389
2493455
2493531
2493572
2494380
2494445
2494521
2494562
2495318
2495383
2495458
2495498
2496373
2496443
2496513
2496586
2496658
2496689
2496764
2496805
2497320
2497385
2497460
2497500
2498366
2498432
2498507
2498548
2499378
2499443
2499518
2499560
2500328
2500393
2500467
2500508
2501291
2501356
2501430
2501504
2501575
2501605
2501681
2501722
2502310
2502376
2502452
2502493
2503364
2503430
2503504
2503545
2504324
2504389
2504464
2504506
2505361
2505426
2505502
2505543
2506370
2506439
2506507
2506580
2506652
2506682
2506758
2506799
2507389
2507454
2507530
2507571
2508359
2508425
2508500
2508541
2509307
2509373
2509448
2509488
2510308
2510373
2510449
2510490
2511330
2511395
2511469
2511543
2511614
2511645
2511720
2511762
2512376
2512442
2512518
2512559
2513366
2513441
2513507
2513548
2514352
2514417
2514491
2514540
2515377
2515442
2515518
2515559
2516318
2516383
2516457
2516535
2516602
2516635
2516709
2516750
2517373
2517439
2517513
2517553
2518313
2518379
2518455
2518496
2519374
2519440
2519514
2519555
2520371
2520438
2520511
2520552
2521311
2521376
2521450
2521524
2521595
2521626
2521700
2521740
2522311
2522377
2522452
2522493
2523337
2523395
2523470
2523511
2524392
2524457
2524533
2524574
2525309
2525375
2525451
2525492
2526363
2526431
2526501
2526575
2526647
2526678
2526753
2526794
2527318
2527383
2527459
2527500
2528316
2528381
2528456
2528496
2529367
2529432
2529507
2529547
2530372
2530437
2530512
2530553
2531309
2531375
2531448
2531522
2531593
2531618
2531694
2531735
2532311
2532376
2532452
2532493
2533327
2533389
2533464
2533504
2534318
2534383
2534459
2534500
2535359
2535427
2535498
2535538
2536376
2536441
2536515
2536589
2536659
2536685
2536760
2536800
2537381
2537447
2537526
2537564
2538364
2538430
2538506
2538547
2539376
2539442
2539516
2539558
2540375
2540440
2540515
2540555
2541374
2541438
2541512
2541586
2541658
2541683
2541759
2541800
2542345
2542410
2542484
2542529
2543310
2543375
2543451
2543497
2544324
2544390
2544464
2544506
2545371
2545436
2545511
2545553
2546316
2546381
2546454
2546528
2546599
2546627
2546701
2546742
2547360
2547426
2547502
2547543
2548322
2548386
2548460
2548501
2549307
2549372
2549448
2549489
2550369
2550434
2550510
2550551
2551362
2551428
2551501
2551575
2551647
2551672
2551748
2551789
2552305
2552371
2552446
2552487
2553308
2553373
2553448
2553488
2554335
2554399
2554474
2554524
2555327
2555393
2555468
2555509
2556370
2556436
2556510
2556583
2556654
2556680
2556754
2556794
2557331
2557396
2557472
2557517
2558331
2558397
2558473
2558517
2559372
2559437
2559517
2559554
2560377
2560442
2560522
2560557
2561377
2561441
2561516
2561589
2561660
2561686
2561762
2561803
2562365
2562430
2562504
2562543
2563322
2563388
2563464
2563505
2564357
2564422
2564498
2564539
2565307
2565372
2565448
2565489
2566382
2566447
2566520
2566594
2566666
2566691
2566766
2566806
2567341
2567406
2567481
2567521
2568351
2568417
2568493
2568534
2569290
2569355
2569428
2569467
2570312
2570372
2570447
2570488
2571343
2571412
2571482
2571555
2571627
2571653
2571728
2571769
2572372
2572438
2572513
2572553
2573312
2573372
2573448
2573489
2574286
2574352
2574428
2574469
2575315
2575372
2575448
2575489
2576310
2576372
2576446
2576520
2576591
2576616
2576692
2576733
2577351
2577417
2577491
2577531
2578309
2578374
2578450
2578491
2579317
2579383
2579459
2579500
2580347
2580413
2580488
2580528
2581355
2581420
2581493
2581567
2581639
2581664
2581740
2581781
2582343
2582408
2582483
2582525
2583352
2583416
2583492
2583533
2584306
2584371
2584446
2584487
2585352
2585417
2585492
2585532
2586286
2586351
2586425
2586499
2586570
2586595
2586671
2586712
2587342
2587408
2587484
2587525
2588290
2588354
2588430
2588472
2589309
2589365
2589440
2589479
2590315
2590380
2590455
2590496
2591357
2591423
2591497
2591570
2591642
2591667
2591742
2591783
2592335
2592403
2592476
2592517
2593290
2593355
2593431
2593472
2594345
2594410
2594485
2594525
2595350
2595416
2595491
2595532
2596345
2596412
2596486
2596559
2596630
2596661
2596737
2596777
2596979
2597046
2597121
2597161
2597970
2598038
2598113
2598153
2598980
2599047
2599193
2599199
2599962
2600029
2600103
2600144
2600987
2601054
2601126
2601200
2601271
2601300
2601374
2601414
2601977
2602044
2602118
2602158
2602969
2603035
2603111
2603151
2603969
2604036
2604111
2604151
2604975
2605042
2605116
2605155
2605968
2606034
2606108
2606181
2606252
2606281
2606357
2606397
2606960
2607027
2607102
2607142
2607985
2608052
2608126
2608167
2608974
2609041
2609115
2609155
2609959
2610026
2610101
2610140
2610959
2611025
2611098
2611172
2611243
2611272
2611347
2611388
2611973
2612039
2612113
2612153
2612982
2613050
2613125
2613165
2613984
2614050
2614125
2614166
2614974
2615041
2615114
2615154
2615983
2616049
2616122
2616199
2616265
2616296
2616372
2616413
2617354
2617420
2617495
2617535
2618345
2618412
2618498
2618528
2619292
2619358
2619435
2619475
2620310
2620378
2620453
2620496
2621339
2621406
2621479
2621553
2621625
2621656
2621731
2621772
2622352
2622419
2622496
2622536
2623329
2623396
2623472
2623513
2624325
2624393
2624467
2624507
2625290
2625351
2625427
2625468
2626345
2626412
2626489
2626560
2626631
2626657
2626732
2626771
2627338
2627404
2627479
2627519
2628280
2628347
2628422
2628462
2629332
2629400
2629476
2629517
2630278
2630344
2630421
2630461
2631267
2631334
2631408
2631487
2631554
2631579
2631655
2631696
2632280
2632347
2632421
2632460
2633323
2633390
2633465
2633506
2634316
2634386
2634459
2634499
2635278
2635345
2635421
2635462
2636296
2636363
2636436
2636510
2636584
2636607
2636685
2636722
2637335
2637402
2637477
2637518
2638348
2638415
2638491
2638532
2639311
2639384
2639455
2639496
2640272
2640339
2640413
2640454
2641276
2641344
2641418
2641491
2641562
2641588
2641664
2641704
2642324
2642392
2642467
2642508
2643315
2643383
2643459
2643500
2644342
2644410
2644485
2644525
2645321
2645389
2645465
2645506
2646281
2646342
2646416
2646490
2646561
2646586
2646661
2646701
2647308
2647380
2647451
2647492
2648280
2648342
2648418
2648459
2649329
2649397
2649473
2649513
2650323
2650391
2650466
2650506
2651270
2651336
2651410
2651484
2651555
2651581
2651657
2651698
2652278
2652342
2652416
2652454
2653252
2653320
2653395
2653436
2654305
2654377
2654446
2654485
2655282
2655338
2655415
2655455
2656344
2656411
2656485
2656559
2656630
2656655
2656730
2656770
2657261
2657328
2657404
2657444
2658315
2658382
2658456
2658497
2659307
2659376
2659450
2659491
2660313
2660380
2660455
2660495
2661278
2661345
2661419
2661493
2661564
2661590
2661665
2661706
2662284
2662351
2662427
2662474
2663303
2663374
2663445
2663485
2664310
2664378
2664454
2664495
2665302
2665378
2665445
2665486
2666305
2666373
2666446
2666520
2666592
2666616
2666691
2666731
2667252
2667319
2667395
2667436
2668310
2668378
2668453
2668494
2669259
2669326
2669403
2669444
2670319
2670387
2670462
2670503
2671305
2671373
2671447
2671520
2671591
2671617
2671692
2671733
2672275
2672332
2672408
2672449
2673270
2673333
2673409
2673449
2674278
2674345
2674421
2674462
2675299
2675369
2675441
2675481
2676256
2676324
2676398
2676473
2676543
2676569
2676643
2676683
2677306
2677373
2677449
2677490
2678253
2678321
2678396
2678437
2679260
2679327
2679402
2679442
2680328
2680394
2680472
2680511
2681313
2681380
2681453
2681528
2681598
2681624
2681699
2681739
2682308
2682376
2682450
2682490
2683242
2683310
2683384
2683424
2684248
2684314
2684389
2684429
2685257
2685324
2685401
2685441
2686310
2686377
2686451
2686525
2686597
2686621
2686697
2686738
2687294
2687369
2687437
2687478
2688293
2688364
2688437
2688478
2689293
2689363
2689435
2689475
2690299
2690368
2690443
2690484
2691300
2691367
2691441
2691515
2691587
2691617
2691693
2691734
2692325
2692391
2692467
2692508
2693248
2693315
2693391
2693432
2694264
2694332
2694407
2694447
2695249
2695317
2695392
2695432
2696302
2696370
2696442
2696517
2696588
2696619
2696694
2696735
2697242
2697310
2697385
2697426
2698304
2698372
2698447
2698488
2699250
2699318
2699394
2699435
