7885
7985
8085
8199
8285
8385
8484
8585
8684
8784
8896
8984
9084
9185
9284
9384
9484
9584
9684
9784
9884
9985
10084
10184
10284
10384
10483
10584
10684
10783
10884
10984
11083
11184
11283
11383
11484
11583
11683
11784
11883
11983
12083
12183
12283
12383
12483
12582
12683
12783
12882
12983
13083
13182
13283
13382
13483
13583
13682
13783
13882
13982
14083
14182
14282
14383
14482
14582
14682
14882
14982
15082
15181
15282
15382
15481
15582
15682
15781
15882
15981
16081
16182
16281
16381
16481
16581
16681
16781
16881
16982
17081
17181
17281
17381
17481
17581
17681
17781
17881
17981
18080
18181
18281
18380
18481
18580
18680
18781
18880
18980
19081
19180
19280
19380
19480
19580
19680
19780
19879
19980
20080
20179
20280
20380
20480
20580
20679
20780
20880
20979
21080
21180
21279
21380
21479
21579
21680
21779
21879
21979
22079
22179
22279
22379
22479
22579
22679
22778
22879
22979
23078
23179
23278
23378
23479
23578
23678
23779
23878
23979
24078
24178
24279
24378
24478
24578
24678
24778
24878
24978
25078
25178
25278
25377
25478
25578
25677
25778
25877
25977
26078
26177
26277
26378
26477
26577
26677
26777
26877
26977
27077
27176
27277
27377
27476
27577
27677
27777
27877
27976
28077
28177
28276
28377
28476
28576
28677
28776
28876
28977
29076
29176
29276
29376
29476
29576
29676
29775
29876
29976
30075
30176
30276
30375
30476
30575
30675
30776
30875
30976
31076
31175
31276
31375
31475
31576
31675
31775
31875
31975
32075
32175
32275
32374
32475
32575
32674
32775
32875
32974
33075
33174
33274
33375
33474
33574
33675
33774
33874
33974
34074
34174
34274
34374
34475
34574
34674
34774
34874
34973
35074
35174
35273
35374
35474
35573
35674
35774
35873
35974
36073
36173
36274
36373
36473
36573
36673
36773
36873
36973
37072
37173
37273
37372
37473
37573
37672
37773
37872
37972
38073
38172
38273
38372
38472
38573
38672
38772
38873
38972
39072
39172
39272
39372
39472
39572
39671
39772
39872
39971
40072
40172
40271
40372
40471
40571
40672
40771
40871
40971
41071
41171
41271
41371
41472
41571
41671
41771
41871
41971
42071
42171
42270
42371
42471
42570
42671
42771
42870
42971
43070
43170
43271
43370
43470
43570
43670
43770
43870
43970
44070
44170
44270
44369
44470
44570
44669
44770
44870
44969
45070
45169
45270
45370
45469
45570
45669
45769
45870
45969
46069
46170
46269
46369
46469
46569
46669
46769
46869
46968
47069
47169
47268
47369
47468
47568
47669
47768
47868
47969
48068
48168
48268
48368
48468
48568
48668
48769
48868
48968
49068
49168
49268
49368
49468
49567
49668
49768
49867
49968
50067
50167
50268
50367
50467
50568
50667
50767
50867
50967
51067
51267
51367
51467
51567
51666
51767
51867
51966
52067
52166
52267
52367
52466
52567
52667
52766
52867
52966
53066
53167
53266
53366
53466
53566
53666
53766
53866
53965
54066
54166
54265
54366
54466
54565
54666
54765
54865
54966
55065
55165
55266
55365
55465
55565
55665
55766
55865
55965
56066
56165
56265
56365
56465
56565
56665
56765
56864
56965
57065
57164
57265
57364
57464
57565
57664
57764
57865
57964
58064
58164
58264
58364
58464
58564
58663
58764
58864
58963
59064
59164
59264
59364
59463
59564
59664
59864
59964
60063
60164
60263
60363
60464
60563
60663
60763
60863
60963
61063
61163
61262
61363
61463
61562
61663
61763
61862
61963
62062
62162
62263
62362
62462
62562
62662
62763
62862
62962
63063
63162
63262
63462
63562
63662
63762
63861
63962
64062
64161
64262
64362
64461
64562
64661
64761
64862
64961
65061
65162
65261
65361
65461
65561
65661
65761
65861
65960
66061
66161
66260
66361
66460
66561
66661
66760
66861
66961
67060
67161
67260
67360
67461
67560
67660
67760
67860
67960
68060
68160
68260
68360
68460
68559
68660
68760
68859
68960
69059
69159
69260
69359
69459
69560
69659
69760
69859
69959
70060
70159
70259
70359
70459
70559
70659
70759
70859
70959
71059
71158
71259
71359
71458
71559
71659
71758
71859
71958
72058
72159
72258
72358
72458
72558
72658
72758
72858
72957
73058
73158
73257
73358
73458
73558
73757
73858
73958
74057
74158
74257
74357
74458
74557
74657
74757
74857
74957
75057
75157
75257
75357
75457
75556
75657
75757
75856
75957
76057
76156
76257
76356
76456
76557
76656
76756
76856
76956
77057
77156
77256
77357
77456
77556
77656
77756
77856
77956
78056
78155
78256
78356
78455
78556
78656
78755
78856
78955
79055
79156
79255
79355
79455
79555
79655
79755
79855
79954
80055
80155
80254
80355
80455
80555
80655
80754
80855
80955
81054
81155
81254
81354
81455
81554
81654
81755
81854
81954
82054
82154
82254
82354
82454
82554
82654
82754
82853
82954
83054
83153
83254
83353
83453
83554
83653
83753
83853
83953
84054
84153
84253
84354
84453
84553
84653
84753
84853
84953
85053
85152
85253
85353
85452
85553
85653
85752
85853
85952
86052
86153
86252
86352
86453
86552
86652
86752
86852
86952
87052
87152
87251
87352
87452
87552
87652
87751
87852
87952
88051
88152
88252
88351
88452
88551
88651
88752
88851
88951
89051
89151
89251
89351
89451
89551
89651
89751
89850
89951
90051
90150
90251
90351
90450
90551
90650
90750
90851
90950
91051
91150
91250
91351
91450
91550
91651
91750
91850
91950
92050
92150
92250
92350
92449
92550
92650
92749
92850
92949
93049
93150
93249
93349
93450
93549
93649
93749
93849
93949
94049
94149
94248
94349
94449
94548
94649
94749
94849
94949
95048
95149
95249
95348
95449
95548
95648
95749
95848
95948
96048
96148
96248
96348
96448
96548
96648
96748
96847
96948
97048
97147
97248
97348
97447
97548
97647
97747
97848
97947
98048
98147
98247
98348
98447
98547
98648
98747
98847
98947
99047
99147
99247
99347
99446
99547
99647
99746
99847
99946
100046
100147
100246
100346
100447
100546
100646
100746
100846
100946
101046
101146
101245
101346
101446
101545
101646
101746
101846
101946
102045
102146
102246
102345
102446
102546
102645
102746
102845
102945
103046
103145
103245
103345
103445
103545
103645
103745
103844
103945
104045
104144
104245
104345
104444
104545
104644
104744
104845
104944
105044
105144
105244
105345
105444
105544
105645
105744
105844
105944
106044
106144
106244
106344
106443
106544
106644
106743
106844
106944
107043
107144
107243
107343
107444
107543
107643
107743
107843
107943
108043
108143
108242
108343
108443
108542
108643
108743
108843
108943
109042
109143
109243
109342
109443
109542
109642
109743
109842
109942
110043
110142
110242
110342
110442
110542
110642
110742
110842
110942
111042
111141
111242
111342
111441
111542
111641
111741
111842
111941
112041
112141
112241
112342
112441
112541
112642
112741
112841
112941
113041
113141
113241
113341
113440
113541
113641
113740
113841
113941
114040
114141
114240
114340
114441
114540
114640
114740
114840
114940
115040
115140
115240
115340
115440
115539
115640
115740
115840
115940
116039
116140
116240
116339
116440
116539
116639
116740
116839
116939
117040
117139
117239
117339
117439
117539
117639
117739
117839
117939
118039
118138
118239
118339
118438
118539
118638
118738
118839
118938
119038
119138
119238
119339
119438
119538
119639
119738
119838
119938
120038
120138
120238
120338
120437
120538
120638
120737
120838
120938
121037
121138
121237
121337
121438
121537
121637
121738
121837
121937
122037
122137
122237
122337
122437
122536
122637
122737
122836
122937
123036
123137
123237
123336
123437
123537
123636
123737
123836
123936
124037
124136
124236
124336
124436
124536
124636
124736
124836
124936
125036
125135
125236
125336
125435
125536
125635
125735
125836
125935
126035
126136
126235
126336
126435
126535
126636
126735
126835
126935
127035
127135
127235
127335
127434
127535
127635
127734
127835
127935
128034
128135
128235
128334
128435
128534
128634
128734
128834
128934
129034
129134
129234
129334
129434
129533
129634
129734
129833
129934
130033
130134
130234
130333
130434
130534
130633
130734
130833
130933
131034
131133
131233
131333
131433
131533
131633
131733
131832
131933
132033
132132
132233
132333
132432
132533
132633
132732
132833
132932
133032
133132
133232
133332
133432
133532
133633
133732
133832
133932
134032
134132
134232
134332
134431
134532
134632
134731
134832
134932
135031
135132
135231
135331
135432
135531
135631
135731
135831
135931
136031
136131
136231
136331
136431
136530
136631
136731
136830
136931
137030
137131
137231
137330
137431
137531
137630
137731
137830
137930
138031
138130
138230
138330
138430
138530
138630
138730
138829
138930
139030
139129
139230
139330
139429
139530
139629
139729
139830
139929
140029
140129
140229
140329
140429
140529
140630
140729
140829
140929
141029
141129
141229
141329
141429
141529
141629
141728
141829
141929
142028
142129
142228
142328
142429
142528
142628
142728
142828
142928
143028
143128
143228
143328
143428
143527
143628
143728
143827
143928
144027
144128
144228
144327
144428
144527
144627
144728
144827
144927
145028
145127
145227
145327
145427
145527
145627
145727
145826
145927
146027
146126
146227
146327
146426
146527
146626
146726
146827
146926
147026
147126
147226
147326
147426
147526
147627
147726
147826
147926
148026
148126
148226
148326
148426
148526
148626
148725
148826
148926
149025
149126
149225
149325
149426
149525
149625
149725
149825
149925
150025
150125
150225
150325
150425
150524
150625
150725
150824
150925
151025
151124
151225
151324
151425
151525
151624
151725
151824
151924
152025
152124
152224
152324
152424
152524
152624
152724
152823
152924
153024
153123
153224
153324
153423
153524
153623
153723
153824
153923
154023
154123
154223
154323
154423
154523
154624
154723
154823
154923
155023
155123
155223
155323
155422
155523
155623
155722
155823
155923
156022
156123
156222
156322
156423
156522
156622
156722
156822
156922
157022
157122
157222
157322
157422
157521
157622
157722
157821
157922
158021
158121
158222
158321
158422
158521
158621
158722
158821
158921
159022
159121
159221
159321
159421
159521
159621
159721
159821
159921
160021
160120
160221
160320
160420
160521
160620
160720
160821
160920
161020
161120
161220
161320
161420
161520
161620
161720
161820
161920
162020
162120
162220
162320
162419
162520
162620
162719
162820
162920
163019
163120
163219
163319
163420
163519
163619
163719
163819
163919
164019
164119
164218
164319
164419
164518
164619
164719
164818
164919
165018
165118
165219
165318
165419
165518
165618
165719
165818
165918
166019
166118
166218
166318
166418
166518
166618
166718
166817
166918
167018
167117
167218
167317
167417
167518
167617
167717
167818
167917
168017
168117
168217
168317
168417
168517
168616
168717
168817
168916
169017
169117
169217
169317
169416
169517
169617
169716
169817
169916
170016
170117
170216
170316
170417
170516
170616
170716
170816
170916
171016
171116
171215
171316
171416
171515
171616
171716
171815
171916
172015
172115
172216
172315
172416
172515
172615
172716
172815
172915
173015
173115
173215
173315
173415
173515
173615
173715
173814
173915
174015
174114
174215
174314
174414
174515
174614
174714
174815
174914
175014
175114
175214
175314
175414
175514
175613
175714
175814
175913
176014
176113
176214
176314
176413
176514
176614
176713
176814
176913
177013
177114
177213
177313
177413
177513
177613
177713
177813
177913
178013
178113
178212
178313
178413
178512
178613
178712
178812
178913
179012
179112
179213
179412
179512
179612
179713
179812
179912
180012
180112
180212
180312
180412
180512
180612
180712
180811
180912
181012
181111
181212
181311
181411
181512
181611
181711
181811
181911
182011
182111
182211
182311
182411
182511
182610
182711
182811
182910
183011
183110
183211
183311
183410
183511
183611
183710
183811
183910
184010
184111
184210
184310
184410
184510
184610
184710
184810
184910
185010
185110
185209
185310
185410
185509
185610
185709
185809
185910
186009
186109
186209
186309
186409
186509
186609
186710
186809
186909
187009
187109
187209
187309
187409
187508
187609
187709
187808
187909
188009
188108
188209
188308
188408
188509
188608
188708
188808
188908
189008
189108
189208
189308
189408
189508
189607
189708
189808
189907
190008
190107
190208
190308
190407
190508
190607
190707
190808
190907
191007
191108
191207
191307
191407
191507
191607
191707
191807
191906
192007
192107
192206
192307
192407
192506
192607
192706
192806
192907
193006
193106
193206
193306
193406
193506
193606
193707
193806
193906
194006
194106
194206
194306
194406
194505
194606
194706
194805
194906
195005
195105
195206
195305
195405
195506
195605
195705
195805
195905
196005
196105
196205
196304
196405
196505
196604
196705
196805
196904
197005
197104
197204
197305
197404
197505
197604
197704
197805
197904
198004
198104
198204
198304
198404
198504
198604
198704
198804
198903
199004
199104
199203
199304
199403
199503
199604
199703
199803
199904
200003
200103
200203
200303
200403
200503
200603
200702
200803
200903
201003
201103
201203
201303
201403
201502
201603
201703
201802
201903
202002
202102
202203
202302
202402
202502
202602
202702
202802
202902
203002
203102
203202
203301
203402
203502
203601
203702
203801
203901
204002
204101
204201
204302
204401
204502
204601
204701
204802
204901
205001
205101
205201
205301
205401
205501
205601
205701
205801
205900
206001
206101
206200
206301
206400
206500
206601
206700
206800
206900
207000
207100
207200
207300
207400
207500
207600
207699
207800
207900
208000
208100
208199
208300
208400
208499
208600
208700
208799
208900
208999
209099
209200
209299
209399
209499
209599
209699
209799
209899
209998
210099
210199
210298
210399
210499
210598
210699
210798
210898
210999
211098
211198
211299
211398
211499
211598
211698
211799
211898
211998
212098
212198
212298
212398
212498
212597
212698
212798
212897
212998
213098
213197
213298
213397
213497
213598
213697
213797
213897
213997
214097
214197
214297
214396
214497
214597
214696
214797
214897
214996
215097
215196
215297
215397
215496
215597
215696
215796
215897
215996
216096
216197
216296
216396
216496
216596
216696
216796
216896
216995
217096
217196
217295
217396
217495
217595
217696
217795
217895
217996
218095
218195
218295
218395
218496
218595
218695
218795
218895
218995
219095
219195
219295
219395
219495
219594
219695
219795
219894
219995
220094
220194
220295
220394
220494
220595
220694
220794
220894
220994
221094
221194
221294
221393
221494
221594
221693
221794
221893
221993
222094
222193
222294
222394
222493
222594
222693
222793
222894
222993
223093
223193
223293
223393
223493
223593
223693
223793
223893
223992
224093
224193
224292
224393
224492
224592
224693
224792
224892
224992
225092
225192
225292
225392
225492
225592
225692
225792
225892
225992
226092
226192
226291
226392
226492
226591
226692
226792
226891
226992
227091
227191
227292
227391
227491
227591
227691
227791
227891
227991
228091
228191
228291
228390
228491
228591
228690
228791
228890
228990
229091
229190
229291
229390
229490
229591
229690
229790
229891
229990
230090
230190
230290
230390
230490
230590
230689
230790
230890
230989
231090
231190
231289
231390
231489
231589
231690
231789
231889
231989
232089
232189
232289
232389
232489
232589
232689
232788
232889
232989
233089
233189
233288
233389
233489
233588
233689
233788
233888
233989
234088
234188
234289
234388
234488
234588
234688
234788
234888
234988
235188
235288
235387
235488
235588
235687
235788
235887
235987
236088
236187
236288
236387
236487
236588
236687
236787
236887
236987
237087
237187
237287
237387
237487
237587
237686
237787
237887
237986
238087
238186
238286
238387
238486
238586
238686
238786
238886
238986
239086
239186
239286
239386
239485
239586
239686
239785
239886
239986
240086
240186
240285
240386
240486
240585
240686
240785
240885
240986
241085
241185
241285
241385
241485
241585
241685
241785
241885
241985
242084
242185
242285
242384
242485
242584
242684
242785
242884
242984
243084
243184
243284
243384
243484
243585
243684
243784
243884
243984
244084
244184
244284
244383
244484
244584
244683
244784
244884
244983
245084
245183
245283
245384
245483
245583
245683
245783
245883
245983
246083
246182
246283
246383
246482
246583
246683
246782
246883
246982
247083
247183
247282
247383
247482
247582
247683
247782
247882
247982
248082
248182
248282
248382
248482
248582
248682
248781
248882
248982
249081
249182
249281
249381
249482
249581
249681
249782
249881
249981
250081
250181
250281
250381
250481
250580
250681
250781
250881
250981
251080
251181
251281
251380
251481
251581
251680
251781
251880
251980
252081
252180
252280
252380
252480
252580
252680
252780
252880
252980
253080
253179
253280
253380
253479
253580
253679
253779
253880
253979
254080
254179
254279
254380
254479
254579
254680
254779
254879
254979
255079
255179
255279
255379
255478
255579
255679
255778
255879
255979
256078
256179
256278
256378
256479
256578
256678
256778
256878
256978
257078
257178
257278
257378
257478
257577
257678
257778
257878
257978
258077
258178
258278
258377
258478
258577
258677
258778
258877
258977
259078
259177
259277
259377
259477
259577
259677
259777
259876
259977
260077
260176
260277
260377
260476
260577
260676
260776
260877
260976
261076
261176
261276
261377
261476
261576
261676
261776
261876
261976
262176
262276
262376
262475
262576
262676
262775
262876
262976
263075
263176
263275
263375
263476
263575
263675
263775
263875
263975
264075
264175
264274
264375
264475
264574
264675
264774
264875
264975
265074
265175
265275
265374
265475
265574
265674
265775
265874
265974
266074
266174
266274
266374
266474
266574
266674
266774
266873
266974
267074
267173
267274
267373
267473
267574
267673
267773
267874
267973
268073
268173
268273
268374
268473
268573
268673
268773
268873
268973
269073
269172
269273
269373
269472
269573
269673
269772
269873
269972
270072
270173
270272
270372
270472
270572
270672
270772
270872
270971
271072
271172
271271
271372
271472
271571
271672
271771
271872
271972
272071
272172
272271
272371
272472
272571
272671
272871
272971
273071
273171
273271
273371
273471
273570
273671
273771
273870
273971
274070
274170
274271
274370
274470
274571
274670
274770
274870
274970
275070
275170
275270
275369
275470
275570
275670
275770
275869
275970
276070
276169
276270
276370
276469
276570
276669
276769
276870
276969
277069
277170
277269
277369
277469
277569
277669
277769
277869
277968
278069
278169
278268
278369
278468
278568
278669
278768
278868
278969
279068
279169
279268
279368
279469
279568
279668
279768
279868
279968
280068
280168
280267
280368
280468
280567
280668
280768
280867
280968
281167
281268
281367
281467
281567
281667
281767
281867
281967
282067
282167
282267
282366
282467
282667
282767
282866
282967
283067
283166
283267
283366
283466
283567
283666
283766
283867
283966
284066
284166
284266
284366
284466
284566
284665
284766
284866
284965
285066
285165
285265
285366
285465
285565
285666
285765
285865
285965
286065
286166
286265
286365
286465
286565
286665
286765
286865
286965
287065
287165
287264
287365
287465
287564
287665
287764
287864
287965
288064
288164
288265
288364
288464
288564
288664
288764
288864
288964
289063
289164
289264
289363
289464
289564
289664
289764
289863
289964
290064
290163
290264
290363
290463
290564
290663
290763
290863
290963
291063
291163
291263
291363
291463
291563
291662
291763
291863
291962
292063
292162
292262
292363
292462
292562
292663
292762
292862
292962
293062
293161
293262
293362
293462
293562
293662
293762
293862
293961
294062
294162
294261
294362
294461
294561
294662
294761
294861
294962
295061
295161
295261
295361
295461
295561
295661
295760
295861
295961
296060
296161
296261
296360
296461
296560
296660
296761
296860
296961
297060
297160
297261
297360
297460
297561
297660
297760
297860
297960
298060
298160
298260
298359
298460
298560
298659
298760
298859
298959
299060
299159
299259
299360
299459
299559
299659
299759
299859
299959
300059
300158
300259
300359
300459
300559
300658
300759
300859
300958
301059
301159
301258
301359
301458
301558
301659
301758
301858
301958
302058
302158
302258
302358
302457
302558
302658
302757
302858
302958
303057
303158
303257
303357
303458
303557
303657
303757
303857
303958
304057
304157
304257
304357
304457
304557
304657
304757
304857
304957
305056
305157
305257
305356
305457
305556
305656
305757
305856
305956
306057
306156
306256
306356
306456
306556
306656
306756
306855
306956
307056
307155
307256
307356
307456
307556
307655
307756
307856
307955
308056
308155
308255
308356
308455
308555
308656
308755
308855
308955
309055
309155
309255
309355
309454
309555
309655
309754
309855
309954
310054
310155
310254
310354
310454
310554
310654
310754
310854
310955
311054
311154
311254
311354
311454
311554
311654
311753
311854
311954
312053
312154
312254
312353
312454
312653
312754
312853
312953
313053
313153
313253
313353
313453
313552
313653
313753
313852
313953
314053
314152
314253
314352
314452
314553
314652
314753
314852
314952
315053
315152
315252
315353
315452
315552
315652
315752
315852
315952
316052
316151
316252
316352
316451
316552
316651
316751
316852
316951
317051
317152
317251
317351
317451
317551
317651
317751
317851
317950
318051
318151
318251
318351
318450
318551
318651
318750
318851
318951
319050
319151
319250
319350
319451
319550
319650
319750
319850
319950
320050
320150
320250
320350
320450
320549
320650
320750
320849
320950
321049
321149
321250
321349
321449
321550
321649
321750
321849
321949
322049
322149
322249
322349
322449
322549
322649
322749
322848
322949
323049
323148
323249
323349
323448
323549
323648
323748
323849
323948
324048
324148
324248
324348
324448
324548
324647
324748
324848
324947
325048
325148
325248
325348
325447
325548
325648
325747
325848
325947
326047
326148
326247
326347
326447
326547
326647
326747
326847
326947
327047
327147
327246
327347
327447
327546
327647
327746
327846
327947
328046
328146
328247
328346
328446
328546
328646
328747
328846
328946
329046
329146
329246
329346
329446
329546
329646
329746
329845
329946
330046
330145
330246
330345
330445
330546
330645
330745
330845
330945
331045
331145
331245
331344
331445
331545
331644
331745
331845
331944
332045
332144
332244
332345
332444
332545
332644
332744
332944
333044
333145
333244
333344
333444
333544
333644
333744
333844
333944
334044
334144
334243
334344
334444
334543
334644
334743
334843
334944
335043
335143
335243
335343
335443
335543
335643
335742
335843
336043
336143
336243
336343
336443
336542
336643
336743
336842
336943
337042
337142
337243
337342
337442
337543
337642
337742
337842
337942
338042
338142
338242
338341
338442
338542
338641
338742
338841
338941
339042
339141
339241
339341
339441
339542
339641
339741
339842
339941
340041
340141
340241
340341
340441
340541
340640
340741
340841
340940
341041
341141
341240
341341
341440
341540
341641
341740
341840
341940
342040
342140
342240
342340
342439
342540
342640
342739
342840
342940
343040
343140
343239
343340
343440
343539
343640
343739
343839
343940
344039
344139
344240
344339
344439
344539
344639
344739
344839
344939
345038
345139
345239
345338
345439
345539
345638
345739
345838
345938
346039
346138
346238
346338
346438
346539
346638
346738
346838
346938
347038
347138
347238
347337
347438
347538
347637
347738
347838
347937
348038
348137
348237
348338
348437
348537
348637
348737
348837
348937
349037
349137
349237
349337
349436
349537
349637
349736
349837
349936
350036
350137
350236
350337
350437
350536
350637
350736
350836
350937
351036
351136
351236
351336
351436
351536
351636
351735
351836
351936
352035
352136
352235
352335
352436
352535
352635
352736
352835
352935
353035
353135
353235
353335
353435
353534
353635
353735
353835
353935
354035
354135
354235
354334
354435
354535
354634
354735
354834
354934
355035
355134
355234
355334
355434
355534
355634
355734
355834
355934
356034
356133
356234
356334
356433
356534
356633
356733
356834
356933
357033
357134
357233
357334
357433
357533
357634
357733
357833
357933
358033
358133
358233
358333
358432
358533
358633
358732
358833
358932
359032
359133
359232
359332
359433
359532
359632
359732
359832
359932
360032
360132
360231
360332
360432
360531
360632
360732
360832
360932
361031
361132
361232
361331
361432
361531
361631
361732
361831
361931
362032
362131
362231
362331
362431
362531
362631
362731
362830
362931
363031
363130
363231
363330
363430
363531
363630
363730
363831
363930
364030
364130
364230
364331
364430
364530
364630
364730
364830
364930
365030
365129
365230
365330
365429
365530
365630
365729
365830
365929
366029
366130
366229
366329
366529
366629
366729
366829
366928
367029
367129
367228
367329
367429
367528
367629
367728
367828
367929
368028
368129
368228
368328
368429
368528
368628
368729
368828
368928
369028
369128
369228
369328
369428
369527
369628
369728
369827
369928
370027
370127
370228
370327
370427
370528
370627
370727
370827
370927
371027
371127
371227
371326
371427
371527
371627
371727
371827
371927
372027
372126
372227
372327
372426
372527
372626
372726
372827
372926
373026
373126
373226
373326
373426
373526
373626
373726
373826
373925
374026
374126
374225
374326
374425
374525
374626
374725
374825
374925
375025
375126
375225
375325
375426
375525
375625
375725
375825
375925
376025
376125
376224
376325
376425
376524
376625
376725
376824
376925
377024
377124
377225
377324
377424
377524
377624
377724
377824
377924
378023
378124
378224
378323
378424
378524
378624
378724
378823
378924
379024
379123
379224
379323
379423
379524
379623
379723
379823
379923
380023
380123
380223
380323
380423
380523
380622
380723
380823
380922
381023
381122
381222
381323
381422
381522
381622
381722
381822
381922
382022
382123
382222
382322
382422
382522
382622
382722
382822
382921
383022
383122
383221
383322
383422
383521
383622
383721
383821
383922
384021
384121
384221
384321
384421
384521
384621
384720
384821
384921
385020
385121
385220
385320
385421
385520
385620
385721
385820
385921
386020
386120
386221
386320
386420
386520
386620
386720
386820
386920
387020
387120
387220
387319
387420
387520
387619
387720
387819
387919
388020
388119
388219
388320
388419
388519
388619
388719
388819
388919
389019
389118
389219
389319
389419
389519
389618
389719
389819
389918
390019
390118
390218
390319
390418
390518
390619
390718
390818
390918
391018
391118
391218
391318
391417
391518
391618
391717
391818
391917
392017
392118
392217
392317
392418
392517
392617
392717
392817
392918
393017
393117
393217
393317
393417
393517
393617
393717
393817
393917
394016
394117
394217
394316
394417
394516
394616
394717
394816
394916
395016
395116
395216
395316
395416
395516
395616
395716
395815
395916
396016
396115
396216
396315
396416
396516
396615
396716
396816
396915
397016
397115
397215
397316
397415
397515
397615
397715
397815
397915
398015
398114
398215
398315
398414
398515
398615
398714
398815
398914
399014
399115
399214
399314
399414
399514
399614
399714
399814
399913
400014
400114
400214
400314
400414
400514
400614
400713
400814
400914
401013
401114
401213
401313
401414
401513
401613
401713
401813
401913
402013
402113
402213
402313
402413
402512
402613
402713
402812
402913
403012
403112
403213
403312
403412
403513
403612
403713
403812
403912
404013
404112
404212
404312
404412
404512
404612
404712
404812
404912
405012
405111
405212
405312
405411
405512
405611
405711
405812
405911
406011
406111
406211
406311
406411
406511
406610
406711
406811
406910
407011
407111
407211
407311
407410
407511
407611
407710
407811
407910
408010
408111
408210
408310
408410
408510
408610
408710
408810
408910
409010
409110
409209
409310
409410
409509
409610
409709
409809
409910
410009
410109
410210
410309
410409
410509
410609
410710
410809
410909
411009
411109
411209
411309
411409
411508
411609
411709
411808
411909
412009
412108
412209
412308
412408
412509
412608
412708
412808
412908
413008
413108
413208
413307
413408
413508
413607
413708
413808
413907
414008
414107
414208
414308
414407
414508
414607
414707
414808
414907
415007
415108
415207
415307
415407
415507
415607
415707
415807
415906
416007
416107
416206
416307
416406
416506
416607
416706
416806
416906
417006
417106
417206
417306
417406
417506
417606
417705
417806
417906
418006
418106
418206
418306
418406
418505
418606
418706
418805
418906
419005
419105
419206
419305
419405
419505
419605
419705
419805
419905
420004
420105
420205
420304
420405
420505
420604
420705
420804
420904
421005
421104
421204
421304
421404
421505
421604
421704
421805
421904
422004
422104
422204
422304
422404
422504
422603
422704
422804
422903
423004
423103
423203
423304
423403
423503
423604
423703
423803
423903
424003
424103
424203
424303
424402
424503
424603
424702
424803
424902
425003
425103
425202
425303
425402
425502
425603
425702
425802
425903
426002
426102
426202
426302
426402
426502
426602
426701
426802
426902
427001
427102
427201
427301
427402
427501
427601
427702
427801
427901
428001
428101
428201
428301
428401
428500
428601
428701
428801
428901
429001
429101
429201
429300
429401
429501
429600
429701
429800
429900
430001
430100
430200
430300
430400
430500
430600
430700
430800
430900
431000
431099
431200
431300
431399
431500
431599
431699
431800
431899
432000
432099
432199
432300
432399
432499
432600
432699
432799
432899
432999
433099
433199
433299
433399
433499
433599
433698
433799
433899
433998
434099
434198
434298
434399
434498
434598
434698
434798
434898
434998
435098
435197
435298
435398
435497
435598
435698
435798
435898
435997
436098
436198
436297
436398
436497
436597
436698
436797
436897
436997
437097
437197
437297
437397
437497
437597
437697
437796
437897
437997
438096
438197
438296
438396
438497
438596
438696
438796
438896
438996
439096
439196
439297
439396
439496
439596
439696
439796
439896
439996
440095
440196
440296
440395
440496
440595
440695
440796
440895
440995
441096
441195
441295
441395
441495
441595
441695
441795
441894
441995
442095
442194
442295
442395
442494
442595
442694
442795
442895
442994
443095
443194
443294
443395
443494
443594
443694
443794
443894
443994
444094
444194
444294
444394
444493
444594
444694
444793
444894
444993
445093
445194
445293
445393
445493
445593
445693
445793
445893
445993
446093
446193
446292
446393
446493
446593
446693
446792
446893
446993
447092
447193
447292
447392
447493
447592
447692
447793
447892
447992
448092
448192
448292
448392
448492
448591
448692
448792
448891
448992
449091
449191
449292
449391
449491
449592
449691
449792
449891
449991
450092
450191
450291
450391
450491
450591
450691
450791
450890
450991
451091
451291
451391
451490
451591
451690
451790
451891
451990
452090
452191
452290
452390
452590
452690
452790
452890
452989
453090
453190
453289
453390
453489
453590
453690
453789
453890
453990
454089
454190
454289
454389
454490
454589
454689
454789
454889
454989
455089
455189
455288
455389
455489
455588
455689
455789
455888
455989
456088
456188
456289
456388
456488
456588
456688
456788
456888
456988
457088
457188
457288
457388
457488
457588
457688
457788
457887
457988
458088
458187
458288
458387
458487
458588
458687
458787
458887
458987
459087
459187
459287
459386
459487
459587
459686
459787
459887
459986
460087
460186
460286
460387
460486
460587
460687
460786
460887
460986
461086
461187
461286
461386
461486
461586
461686
461786
461886
461985
462086
462186
462285
462386
462486
462585
462686
462785
462885
462986
463085
463185
463285
463385
463485
463585
463685
463784
463885
463985
464084
464185
464285
464385
464485
464584
464685
464785
464884
464985
465084
465184
465285
465384
465484
465584
465684
465784
465884
465984
466083
466184
466284
466383
466484
466584
466683
466784
466883
466983
467084
467183
467283
467383
467483
467584
467683
467783
467883
467983
468083
468183
468283
468383
468483
468583
468682
468783
468883
468982
469083
469182
469282
469383
469482
469582
469682
469782
469882
469982
470082
470182
470282
470382
470481
470582
470682
470781
470882
470982
471081
471182
471281
471382
471482
471581
471682
471781
471881
471982
472081
472181
472281
472381
472481
472581
472681
472780
472881
472981
473080
473181
473281
473380
473481
473580
473680
473781
473880
473980
474080
474180
474280
474380
474480
474579
474680
474780
474880
474980
475080
475180
475280
475379
475480
475580
475679
475780
475879
475979
476080
476179
476279
476380
476479
476579
476679
476779
476879
476979
477079
477178
477279
477379
477478
477579
477678
477778
477879
477978
478078
478179
478278
478379
478478
478578
478679
478778
478878
478978
479078
479178
479278
479378
479477
479578
479678
479777
479878
479978
480077
480178
480277
480377
480478
480577
480677
480777
480877
480977
481077
481177
481276
481377
481477
481576
481677
481777
481876
481977
482076
482177
482277
482376
482477
482576
482676
482777
482876
482976
483076
483176
483276
483376
483476
483576
483676
483776
483875
483976
484076
484175
484276
484375
484475
484576
484675
484775
484875
484975
485075
485175
485275
485376
485475
485575
485675
485775
485875
485975
486075
486174
486275
486375
486474
486575
486675
486774
486875
486974
487074
487175
487274
487374
487474
487574
487674
487774
487874
487973
488074
488174
488273
488374
488474
488573
488674
488773
488873
488974
489073
489174
489273
489373
489474
489573
489673
489773
489873
489973
490073
490173
490273
490373
490473
490572
490673
490872
490973
491072
491172
491273
491372
491472
491572
491672
491772
491872
491972
492071
492172
492272
492371
492472
492572
492672
492772
492871
492972
493072
493171
493272
493372
493471
493572
493671
493771
493872
493971
494071
494171
494271
494371
494471
494571
494670
494771
494871
494970
495071
495170
495270
495371
495470
495570
495671
495770
495870
495970
496070
496171
496270
496370
496470
496570
496670
496770
496870
496970
497070
497170
497269
497370
497470
497569
497670
497769
497869
497970
498069
498169
498269
498369
498469
498569
498669
498769
498869
498969
499068
499169
499269
499368
499469
499568
499668
499769
499868
499969
500068
500168
500269
500368
500468
500568
500668
500768
500868
500968
501068
501168
501268
501367
501468
501568
501667
501768
501867
501967
502068
502167
502267
502367
502467
502567
502667
502767
502867
502967
503067
503166
503267
503367
503467
503567
503666
503767
503867
503966
504067
504166
504266
504367
504466
504566
504667
504766
504866
504966
505066
505166
505266
505366
505465
505566
505666
505765
505866
505966
506065
506166
506265
506365
506466
506565
506665
506765
506865
506966
507065
507165
507266
507365
507465
507565
507665
507765
507865
507965
508064
508165
508265
508364
508465
508564
508664
508765
508864
508964
509064
509164
509264
509364
509464
509564
509664
509764
509863
509964
510064
510163
510264
510363
510464
510564
510663
510764
510863
510963
511064
511163
511263
511364
511463
511563
511663
511763
511863
511963
512063
512162
512263
512363
512462
512563
512662
512762
512863
512962
513062
513163
513262
513362
513462
513562
513662
513762
513862
513961
514062
514162
514262
514362
514462
514562
514662
514761
514862
514962
515061
515162
515261
515361
515462
515561
515661
515761
515861
515961
516061
516161
516260
516361
516461
516560
516661
516761
516860
516961
517060
517160
517261
517360
517460
517560
517660
517761
517860
517960
518061
518160
518260
518360
518460
518560
518660
518760
518859
518960
519060
519159
519260
519359
519459
519560
519659
519759
519860
519959
520059
520159
520259
520359
520459
520559
520658
520759
520859
520958
521059
521158
521259
521359
521458
521559
521658
521758
521859
521958
522058
522159
522258
522358
522458
522558
522658
522758
522858
522957
523058
523158
523257
523358
523458
523557
523658
523757
523857
523958
524057
524157
524257
524357
524457
524557
524657
524756
524857
524957
525057
525157
525256
525357
525457
525556
525657
525757
525856
525957
526056
526156
526257
526356
526456
526556
526656
526756
526856
526956
527056
527156
527256
527355
527556
527655
527756
527855
527955
528056
528155
528256
528355
528455
528556
528655
528755
528856
528955
529055
529155
529255
529355
529455
529555
529654
529755
529855
529954
530055
530154
530254
530355
530454
530554
530655
530754
530854
530954
531054
531154
531254
531354
531453
531554
531654
531753
531854
531953
532054
532154
532253
532354
532454
532553
532654
532753
532853
532954
533053
533153
533253
533353
533453
533553
533653
533752
533853
533953
534052
534153
534253
534352
534453
534552
534652
534753
534852
534952
535052
535152
535252
535352
535452
535552
535652
535752
535852
535952
536052
536152
536252
536351
536452
536552
536651
536752
536851
536951
537052
537151
537251
537351
537451
537551
537651
537751
537851
537951
538051
538150
538251
538351
538450
538551
538650
538750
538851
538950
539051
539151
539250
539351
539450
539550
539651
539750
539850
539950
540050
540150
540250
540350
540450
540550
540650
540749
540850
540950
541049
541150
541249
541349
541450
541549
541649
541749
541849
541949
542049
542149
542248
542349
542449
542548
542649
542749
542849
542949
543048
543149
543249
543348
543449
543548
543749
543848
543948
544048
544148
544248
544348
544448
544547
544648
544748
544847
544948
545048
545147
545248
545347
545447
545548
545647
545747
545847
545947
546048
546147
546247
546347
546447
546547
546647
546747
546847
546947
547047
547146
547247
547347
547446
547547
547646
547746
547847
547946
548046
548147
548246
548346
548446
548546
548646
548746
548846
548945
549046
549146
549245
549346
549446
549545
549646
549745
549846
549945
550045
550146
550245
550345
550446
550545
550645
550745
550845
550945
551045
551145
551244
551345
551445
551544
551645
551745
551844
551945
552044
552144
552245
552344
552444
552544
552644
552744
552844
552944
553044
553144
553244
553344
553444
553544
553644
553744
553843
553944
554044
554143
554244
554343
554443
554544
554643
554743
554843
554943
555043
555143
555243
555343
555443
555543
555642
555743
555843
555942
556043
556142
556242
556343
556442
556542
556642
556742
556843
556942
557042
557143
557242
557342
557442
557542
557642
557742
557842
557941
558042
558142
558241
558342
558442
558541
558642
558741
558841
558942
559041
559141
559241
559341
559441
559541
559641
559740
559841
559941
560040
560141
560240
560340
560441
560540
560641
560741
560840
560941
561040
561140
561241
561340
561440
561540
561640
561740
561840
561940
562040
562140
562240
562339
562440
562540
562639
562740
562839
562939
563040
563139
563239
563339
563439
563539
563639
563739
563840
563939
564039
564139
564239
564339
564439
564539
564638
564739
564839
564938
565039
565138
565238
565339
565438
565538
565638
565738
565838
565938
566038
566138
566238
566338
566437
566538
566638
566737
566838
566937
567037
567138
567237
567337
567437
567537
567638
567737
567837
567938
568037
568137
568237
568337
568437
568537
568637
568736
568837
568937
569036
569137
569236
569336
569437
569536
569636
569737
569836
569936
570036
570136
570236
570336
570436
570535
570636
570736
570835
570936
571035
571136
571236
571335
571436
571536
571635
571736
571835
571935
572036
572135
572235
572335
572435
572535
572635
572735
572834
572935
573035
573134
573235
573335
573434
573535
573634
573734
573835
573934
574034
574134
574234
574334
574434
574534
574633
574734
574834
574934
575034
575134
575234
575334
575433
575534
575634
575733
575834
575933
576033
576134
576233
576333
576433
576533
576633
576733
576833
576933
577033
577133
577232
577333
577433
577532
577633
577732
577832
577933
578032
578132
578233
578332
578433
578532
578632
578733
578832
578932
579032
579132
579232
579332
579432
579531
579632
579732
579831
579932
580032
580131
580232
580331
580431
580532
580631
580731
580831
580931
581031
581131
581231
581330
581431
581531
581630
581731
581831
581931
582031
582130
582231
582331
582430
582531
582630
582730
582831
582930
583030
583130
583230
583330
583430
583530
583630
583730
583830
583929
584030
584130
584229
584330
584429
584529
584630
584729
584829
584929
585029
585129
585229
585329
585430
585529
585629
585729
585829
585929
586029
586129
586228
586329
586429
586528
586629
586729
586828
586929
587028
587128
587228
587328
587428
587528
587628
587728
587828
587928
588027
588128
588228
588327
588428
588527
588627
588728
588827
588928
589028
589127
589228
589327
589427
589528
589627
589727
589827
589927
590027
590127
590227
590326
590427
590527
590626
590727
590827
590926
591027
591126
591226
591327
591426
591526
591626
591726
591826
591926
592026
592125
592226
592326
592425
592526
592625
592726
592826
592925
593026
593126
593225
593326
593425
593525
593626
593725
593825
593925
594025
594125
594225
594325
594425
594525
594625
594724
594825
594925
595024
595125
595224
595324
595425
595524
595624
595724
595824
595924
596024
596124
596225
596324
596424
596524
596624
596724
596824
596924
597023
597124
597224
597323
597424
597523
597623
597724
597823
597923
598024
598123
598223
598323
598423
598523
598623
598723
598822
598923
599023
599122
599223
599322
599422
599523
599622
599723
599822
599922
600023
600122
600222
600323
600422
600522
600622
600722
600822
600922
601022
601121
601222
601322
601421
601522
601622
601721
601822
601921
602021
602122
602221
602321
602421
602521
602621
602721
602821
602920
603021
603121
603220
603321
603421
603521
603621
603720
603821
603921
604020
604121
604220
604320
604421
604520
604620
604720
604820
604920
605020
605120
605220
605320
605420
605519
605620
605720
605819
605920
606019
606119
606220
606319
606419
606519
606619
606720
606819
606919
607019
607119
607219
607319
607419
607519
607619
607719
607818
607919
608019
608118
608219
608318
608418
608519
608618
608718
608819
608918
609018
609118
609218
609318
609418
609518
609617
609718
609818
609917
610018
610117
610217
610318
610417
610518
610618
610717
610818
610917
611017
611118
611217
611317
611417
611517
611617
611717
611817
611916
612017
612117
612216
612317
612417
612516
612617
612716
612816
612917
613016
613116
613216
613316
613416
613516
613616
613715
613816
613916
614016
614116
614215
614316
614416
614515
614616
614716
614815
614916
615015
615115
615216
615315
615415
615515
615615
615715
615815
615915
616014
616115
616215
616314
616415
616515
616614
616715
616814
616914
617015
617114
617214
617314
617414
617515
617614
617714
617815
617914
618014
618114
618214
618314
618414
618514
618613
618714
618814
618913
619014
619113
619213
619314
619413
619513
619613
619713
619813
619913
620013
620113
620213
620313
620412
620513
620613
620712
620813
620912
621012
621113
621212
621313
621412
621512
621613
621712
621812
621913
622016
622112
622212
622312
622412
622512
622612
622711
622812
622912
623011
623112
623211
623311
623412
623511
623611
623712
623811
623911
624011
624111
624211
624311
624411
624510
624611
624711
624811
624911
625010
625111
625211
625310
625411
625511
625610
625711
625810
626011
626110
626210
626310
626410
626510
626610
626710
626809
626910
627010
627109
627210
627310
627409
627510
627609
627709
627810
627909
628009
628109
628209
628310
628409
628509
628609
628709
628809
628909
629009
629109
629209
629309
629408
629509
629609
629708
629809
629908
630008
630109
630208
630308
630409
630508
630608
630708
630808
630907
631008
631108
631207
631308
631408
631507
631608
631707
631808
631908
632007
632108
632207
632307
632408
632507
632607
632707
632807
632907
633007
633107
633207
633307
633407
633506
633607
633707
633806
633907
634006
634106
634207
634306
634406
634507
634606
634706
634806
634906
635006
635106
635206
635305
635406
635506
635606
635706
635805
635906
636006
636105
636206
636306
636405
636506
636605
636705
636806
636905
637005
637105
637205
637305
637405
637505
637604
637705
637805
637904
638005
638105
638204
638305
638404
638504
638605
638704
638804
638904
639004
639105
639204
639304
639404
639504
639604
639704
639804
639904
640004
640104
640203
640304
640404
640503
640604
640703
640803
640904
641003
641103
641203
641303
641403
641503
641603
641702
641803
641903
642003
642103
642203
642302
642403
642502
642603
642703
642802
642903
643002
643102
643203
643302
643402
643503
643602
643702
643802
643902
644002
644102
644202
644301
644402
644502
644601
644702
644801
644901
645002
645101
645201
645302
645401
645501
645601
645701
645801
645901
646001
646100
646201
646301
646401
646501
646600
646701
646801
646900
647001
647101
647200
647301
647400
647500
647601
647700
647800
647900
648000
648100
648200
648300
648399
648500
648600
648699
648800
648899
648999
649100
649199
649299
649400
649499
649600
649699
649799
649900
649999
650099
650199
650299
650399
650499
650599
650698
650799
650899
650998
651099
651199
651298
651399
651498
651598
651699
651798
651898
651998
652098
652198
652298
652398
652497
652598
652698
652797
652898
652997
653097
653198
653297
653398
653498
653597
653698
653797
653897
653998
654097
654197
654297
654397
654497
654597
654697
654796
654897
654997
655096
655197
655297
655396
655497
655596
655696
655797
655896
655996
656096
656196
656296
656396
656496
656595
656696
656796
656896
656996
657096
657196
657296
657395
657496
657596
657695
657796
657895
657995
658096
658195
658295
658395
658495
658595
658695
658795
658895
658995
659095
659194
659295
659395
659494
659595
659694
659794
659895
659994
660094
660194
660294
660395
660494
660594
660695
660794
660894
660994
661094
661194
661294
661394
661493
661594
661694
661793
661894
661994
662093
662194
662293
662393
662494
662593
662693
662793
662893
662993
663093
663193
663292
663393
663493
663592
663693
663792
663892
663993
664092
664193
664293
664392
664493
664592
664692
664793
664892
664992
665092
665192
665292
665392
665492
665591
665692
665792
665891
665992
666092
666191
666292
666391
666491
666592
666691
666791
666891
666991
667091
667191
667291
667390
667491
667591
667691
667791
667891
667991
668091
668190
668291
668391
668490
668591
668690
668790
668891
668990
669090
669190
669290
669390
669490
669590
669690
669790
669890
669989
670090
670190
670289
670390
670489
670589
670690
670789
670889
670989
671089
671190
671289
671389
671489
671589
671689
671789
671889
671989
672089
672189
672288
672389
672489
672588
672689
672788
672888
672989
673088
673188
673288
673388
673488
673588
673688
673788
673888
673988
674087
674188
674288
674387
674488
674587
674688
674788
674887
674988
675088
675187
675288
675387
675487
675588
675687
675787
675887
675987
676087
676187
676287
676386
676487
676587
676686
676787
676887
676986
677087
677186
677286
677387
677486
677586
677686
677786
677886
677986
678086
678185
678286
678386
678486
678586
678685
678786
678886
678985
679086
679186
679285
679386
679485
679585
679686
679785
679885
679985
680085
680185
680285
680385
680485
680585
680685
680784
680885
680985
681084
681185
681284
681384
681485
681584
681684
681784
681884
681985
682084
682184
682284
682384
682484
682584
682684
682784
682884
682984
683083
683184
683284
683383
683484
683583
683683
683784
683883
683983
684084
684183
684283
684383
684483
684583
684683
684783
684882
684983
685083
685182
685283
685383
685483
685583
685682
685783
685882
685982
686083
686182
686282
686383
686482
686582
686682
686782
686882
686982
687082
687181
687282
687382
687481
687582
687681
687781
687882
687981
688081
688182
688281
688381
688481
688581
688681
688781
688881
688980
689081
689181
689281
689381
689480
689581
689681
689780
689881
689981
690080
690181
690280
690380
690481
690580
690680
690780
690880
690980
691080
691180
691279
691380
691480
691579
691680
691780
691879
691980
692079
692179
692280
692379
692480
692579
692679
692780
692879
692979
693079
693179
693279
693379
693479
693579
693679
693779
693878
693979
694079
694178
694279
694378
694478
694579
694678
694778
694878
694978
695078
695178
695278
695378
695478
695578
695677
695778
695878
695977
696078
696177
696278
696378
696477
696578
696677
696777
696878
696977
697077
697177
697277
697377
697477
697577
697677
697777
697877
697976
698077
698177
698276
698377
698476
698576
698677
698776
698876
698977
699076
699176
699276
699376
699476
699576
699676
699776
699876
699976
700076
700176
700276
700376
700476
700575
700676
700775
700875
700976
701075
701175
701276
701375
701475
701575
701675
701775
701875
701975
702074
702175
702275
702374
702475
702574
702674
702775
702874
702974
703075
703174
703275
703374
703474
703575
703674
703774
703874
703974
704074
704174
704274
704373
704474
704574
704673
704774
704874
704973
705074
705173
705273
705374
705473
705573
705673
705773
705873
705973
706073
706173
706273
706373
706472
706573
706672
706772
706873
706972
707073
707173
707272
707373
707472
707572
707673
707772
707872
707973
708072
708172
708272
708372
708471
708572
708672
708771
708872
708972
709071
709172
709271
709371
709472
709571
709671
709771
709871
709971
710071
710171
710270
710371
710471
710571
710671
710771
710871
710971
711070
711171
711271
711370
711471
711570
711670
711771
711870
711970
712070
712170
712270
712370
712470
712570
712670
712770
712869
712970
713070
713169
713270
713369
713469
713570
713669
713769
713869
713969
714070
714169
714269
714370
714469
714569
714669
714769
714869
714969
715069
715168
715269
715369
715468
715569
715668
715768
715869
715968
716068
716168
716268
716368
716468
716568
716668
716768
716868
716967
717068
717168
717267
717368
717467
717568
717668
717767
717868
717968
718067
718168
718267
718367
718468
718567
718667
718767
718867
718967
719067
719167
719266
719367
719467
719566
719667
719767
719866
719967
720066
720166
720267
720366
720466
720566
720666
720766
720866
720966
721065
721166
721266
721366
721466
721565
721666
721766
721865
721966
722066
722165
722266
722365
722465
722566
722665
722765
722865
722965
723165
723265
723365
723465
723565
723664
723765
723865
723964
724065
724164
724264
724365
724464
724564
724664
724764
724865
724964
725064
725165
725264
725364
725464
725564
725664
725764
725864
725963
726064
726164
726263
726364
726463
726563
726664
726763
726863
726963
727063
727163
727263
727363
727463
727563
727663
727762
727863
727963
728062
728163
728262
728363
728463
728562
728663
728762
728862
728963
729062
729162
729263
729362
729462
729562
729662
729762
729862
729962
730064
730162
730262
730361
730462
730561
730661
730762
730861
730961
731062
731161
731261
731361
731461
731561
731661
731761
731860
731961
732061
732161
732261
732360
732461
732561
732660
732761
732861
732960
733061
733160
733260
733361
733460
733560
733660
733760
733860
733960
734060
734159
734260
734360
734459
734560
734659
734759
734860
734959
735059
735160
735259
735360
735459
735559
735660
735759
735859
735959
736059
736159
736259
736359
736458
736559
736659
736758
736859
736959
737058
737159
737258
737358
737459
737558
737658
737758
737858
737958
738058
738158
738257
738358
738458
738557
738658
738758
738857
738958
739057
739158
739258
739357
739458
739557
739657
739758
739857
739957
740057
740157
740257
740357
740457
740557
740657
740757
740856
740957
741057
741156
741257
741356
741456
741557
741656
741756
741856
741956
742065
742156
742256
742356
742456
742556
742656
742756
742856
742956
743056
743155
743256
743356
743455
743556
743655
743755
743856
743955
744055
744155
744255
744355
744455
744555
744655
744755
744855
744961
745055
745155
745254
745355
745454
745554
745655
745754
745854
745954
746054
746155
746254
746354
746455
746554
746654
746754
746854
746954
747054
747154
747253
747354
747454
747553
747654
747753
747853
747954
748053
748153
748254
748353
748453
748553
748653
748753
748853
748953
749052
749153
749253
749352
749453
749552
749652
749753
749852
749953
750053
750152
750253
750352
750452
750553
750652
750752
750852
750952
751052
751152
751252
751352
751452
751552
751651
751752
751852
751951
752052
752151
752251
752352
752451
752551
752651
752751
752851
752951
753051
753150
753251
753351
753451
753551
753651
753751
753851
753950
754051
754151
754250
754351
754450
754550
754651
754750
754850
754950
755050
755150
755250
755350
755450
755550
755650
755749
755850
755950
756049
756150
756249
756349
756450
756549
756649
756749
756849
756950
757049
757149
757249
757349
757449
757549
757649
757749
757849
757949
758048
758149
758249
758348
758449
758548
758648
758749
758848
758948
759048
759148
759248
759348
759448
759548
759648
759748
759847
759948
760056
760147
760248
760347
760448
760548
760647
760748
760848
760947
761048
761147
761247
761348
761447
761547
761647
761747
761847
761947
762047
762146
762247
762446
762547
762646
762746
762847
762946
763046
763146
763246
763346
763446
763546
763646
763746
763846
763945
764046
764146
764246
764346
764445
764546
764646
764745
764846
764945
765048
765146
765245
765345
765446
765545
765645
765745
765845
765945
766045
766145
766244
766345
766445
766544
766645
766744
766844
766945
767044
767144
767245
767344
767444
767544
767644
767745
767844
767944
768044
768144
768244
768344
768444
768543
768644
768744
768843
768944
769044
769143
769244
769343
769544
769643
769743
769843
769943
770049
770143
770243
770343
770443
770543
770642
770743
770843
770942
771043
771142
771243
771343
771543
771642
771742
771843
771942
772042
772142
772242
772342
772442
772542
772641
772742
772842
772941
773042
773142
773241
773342
773441
773541
773642
773741
773841
773941
774041
774141
774241
774341
774440
774541
774641
774740
774841
774941
775044
775141
775240
775341
775441
775540
775641
775740
775840
775941
776040
776140
776241
776340
776440
776540
776640
776740
776840
776940
777039
777140
777240
777339
777440
777539
777639
777740
777839
777939
778039
778139
778240
778339
778439
778539
778639
778739
778839
778939
779039
779139
779239
779338
779439
779539
779638
779739
779838
779938
780041
780138
780238
780339
780438
780538
780638
780738
780838
780938
781038
781137
781238
781338
781437
781538
781638
781737
781838
781937
782038
782138
782237
782338
782437
782537
782638
782737
782837
782937
783037
783137
783237
783337
783436
783537
783637
783736
783837
783936
784036
784137
784236
784336
784437
784536
784636
784736
784836
784936
785036
785136
785235
785336
785436
785536
785636
785735
785836
785936
786035
786136
786236
786335
786436
786535
786635
786736
786835
786935
787035
787135
787235
787335
787435
787535
787635
787735
787834
787935
788034
788134
788235
788334
788434
788535
788634
788734
788834
788934
789035
789134
789234
789334
789434
789534
789634
789734
789833
789934
790034
790138
790234
790334
790433
790534
790633
790733
790834
790933
791033
791133
791233
791333
791433
791533
791633
791733
791833
791932
792033
792133
792232
792333
792432
792532
792633
792732
792833
792932
793032
793138
793232
793332
793432
793532
793632
793732
793832
793932
794032
794132
794231
794332
794432
794531
794632
794731
794831
794932
795035
795131
795232
795331
795431
795531
795631
795731
795831
795931
796030
796131
796231
796331
796431
796530
796631
796731
796830
796931
797030
797130
797231
797330
797430
797530
797630
797730
797830
797930
798030
798130
798230
798329
798430
798530
798629
798730
798829
798929
799030
799129
799229
799329
799429
799529
799629
799729
799830
799929
800032
800129
800229
800329
800429
800529
800628
800729
800829
800928
801029
801128
801228
801329
801428
801528
801629
801728
801828
801928
802028
802128
802228
802328
802427
802528
802628
802727
802828
802927
803027
803128
803227
803428
803527
803628
803727
803827
803928
804027
804127
804227
804327
804427
804527
804627
804726
804827
804927
805030
805127
805226
805326
805427
805526
805626
805727
805826
805926
806026
806126
806226
806326
806426
806526
806626
806726
806825
806926
807026
807126
807226
807325
807426
807526
807625
807726
807825
807925
808026
808125
808225
808326
808425
808525
808625
808725
808824
808925
809025
809124
809225
809325
809424
809525
809624
809724
809825
809924
810024
810127
810224
810324
810424
810524
810625
810724
810824
810924
811024
811124
811224
811324
811423
811524
811624
811723
811824
811923
812023
812124
812223
812323
812423
812523
812623
812723
812823
812923
813023
813123
813222
813323
813423
813522
813623
813722
813822
813923
814022
814123
814222
814322
814423
814522
814622
814722
814822
814922
815022
815126
815222
815322
815422
815521
815622
815722
815821
815922
816021
816121
816222
816321
816421
816522
816621
816721
816821
816921
817021
817121
817221
817320
817421
817521
817620
817721
817820
817921
818021
818120
818221
818321
818420
818521
818620
818720
818821
818920
819020
819120
819220
819320
819420
819520
819619
819720
819820
819919
820023
820119
820219
820320
820419
820519
820620
820719
820819
820919
821019
821120
821219
821319
821419
821519
821619
821719
821819
821918
822019
822119
822218
822319
822419
822518
822619
822718
822818
822919
823018
823118
823218
823318
823418
823518
823618
823717
823818
823918
824017
824118
824217
824317
824418
824517
824617
824718
824817
824918
825020
825117
825218
825317
825417
825517
825617
825717
825817
825917
826016
826117
826217
826316
826417
826517
826616
826717
826816
826916
827017
827116
827216
827316
827416
827516
827616
827716
827816
827916
828016
828115
828216
828316
828416
828516
828615
828716
828816
828915
829016
829116
829215
829316
829415
829515
829615
829715
829815
829915
830018
830114
830215
830315
830414
830515
830615
830714
830815
830914
831014
831115
831214
831314
831414
831514
831614
831714
831814
831915
832014
832114
832214
832314
832414
832514
832614
832713
832814
832914
833013
833114
833213
833313
833414
833513
833613
833713
833813
833913
834013
834113
834213
834313
834413
834512
834613
834713
834812
834913
835019
835112
835213
835312
835412
835512
835612
835713
835812
835912
836017
836112
836212
836312
836412
836512
836612
836712
836811
836912
837012
837111
837212
837311
837411
837512
837611
837711
837812
837911
838011
838111
838211
838311
838411
838511
838610
838711
838811
838910
839011
839110
839211
839311
839410
839511
839610
839710
839811
839910
840013
840111
840210
840310
840410
840510
840610
840710
840810
840909
841010
841110
841209
841310
841409
841509
841610
841709
841809
841910
842009
842109
842209
842309
842409
842509
842609
842708
842809
842909
843009
843109
843209
843309
843409
843508
843609
843709
843808
843909
844008
844108
844209
844308
844408
844508
844608
844708
844808
844908
845007
845108
845208
845307
845408
845508
845607
845708
845807
845907
846008
846107
846307
846407
846508
846607
846707
846807
846907
847007
847107
847207
847307
847407
847507
847606
847707
847807
847906
848007
848106
848206
848307
848406
848506
848606
848706
848806
848906
849006
849105
849206
849306
849405
849506
849606
849705
849806
849905
850009
850106
850205
850306
850405
850505
850606
850705
850805
850906
851005
851105
851205
851305
851405
851505
851605
851704
851805
851905
852004
852105
852204
852304
852405
852504
852604
852804
852904
853004
853104
853204
853304
853404
853604
853704
853804
853904
854003
854104
854204
854303
854404
854503
854603
854704
854803
854903
855006
855103
855203
855303
855403
855503
855603
855703
855802
855903
856003
856102
856203
856302
856402
856503
856602
856702
856802
856902
857003
857102
857202
857303
857402
857502
857602
857702
857802
857902
858002
858101
858202
858302
858401
858502
858601
858701
858802
858901
859001
859102
859201
859301
859401
859501
859601
859701
859801
859900
860001
860104
860200
860301
860400
860500
860601
860700
860801
860901
861000
861101
861200
861300
861401
861500
861600
861700
861800
861900
862000
862100
862200
862300
862400
862499
862600
862699
862799
862900
862999
863099
863200
863299
863399
863499
863599
863699
863799
863899
863998
864099
864199
864299
864399
864498
864599
864699
864798
864899
865001
865098
865199
865298
865398
865499
865598
865698
865798
865898
865998
866098
866198
866297
866398
866498
866597
866698
866798
866897
866998
867097
867197
867298
867397
867497
867597
867697
867798
867897
867997
868097
868197
868297
868397
868497
868596
868697
868797
868896
868997
869097
869196
869297
869396
869496
869597
869696
869796
869897
869996
870102
870196
870296
870395
870496
870596
870695
870796
870896
870995
871096
871195
871296
871396
871495
871596
871695
871795
871896
871995
872095
872195
872295
872395
872495
872595
872695
872795
872895
872994
873095
873195
873294
873395
873494
873594
873695
873794
873894
873995
874094
874194
874294
874394
874494
874594
874694
874793
874894
874997
875094
875194
875293
875394
875494
875593
875694
875794
875893
875994
876093
876193
876294
876393
876493
876593
876693
876793
876893
876993
877092
877193
877293
877392
877493
877592
877692
877793
877892
877992
878098
878192
878292
878392
878492
878593
878692
878792
878892
878992
879092
879192
879292
879391
879492
879592
879691
879792
879891
879991
880100
880191
880291
880391
880491
880591
880691
880791
880891
880991
881091
881190
881291
881391
881490
881591
881690
881790
881891
881990
882091
882190
882290
882391
882490
882590
882691
882790
882890
882990
883090
883190
883290
883390
883489
883590
883690
883789
883890
883990
884089
884190
884289
884389
884490
884589
884689
884789
884889
884993
885089
885189
885288
885389
885489
885588
885689
885789
885889
885989
886088
886189
886289
886388
886489
886588
886688
886789
886888
886988
887088
887188
887288
887388
887488
887587
887688
887788
887887
887988
888088
888187
888288
888387
888487
888588
888687
888787
888887
888987
889088
889187
889287
889387
889487
889587
889687
889787
889886
889987
890089
890186
890287
890387
890486
890587
890686
890786
890887
890986
891086
891186
891286
891386
891486
891586
891685
891786
891886
891985
892086
892186
892285
892386
892485
892585
892686
892785
892886
892985
893085
893186
893285
893385
893485
893585
893685
893785
893885
893985
894085
894185
894284
894385
894485
894584
894685
894784
894884
894987
895084
895184
895284
895384
895484
895584
895684
895784
895884
895984
896083
896184
896284
896384
896484
896583
896684
896784
896883
896984
897083
897183
897284
897383
897483
897583
897683
897783
897883
897983
898083
898183
898283
898382
898483
898583
898682
898783
898882
898982
899083
899182
899282
899482
899582
899682
899782
899883
899982
