1800052
1800162
1800253
1800352
1800453
1800552
1800652
1800753
1800852
1800952
1801052
1801152
1801252
1801352
1801452
1801552
1801652
1801752
1801851
1801952
1802052
1802151
1802252
1802351
1802451
1802552
1802651
1802752
1802852
1802951
1803052
1803151
1803251
1803352
1803451
1803551
1803651
1803751
1803851
1803951
1804051
1804150
1804251
1804351
1804450
1804551
1804650
1804750
1804851
1804950
1805050
1805150
1805250
1805350
1805450
1805550
1805650
1805750
1805850
1805949
1806050
1806150
1806249
1806350
1806449
1806550
1806650
1806749
1806850
1806950
1807049
1807150
1807249
1807349
1807450
1807549
1807649
1807749
1807849
1807949
1808049
1808149
1808248
1808349
1808449
1808548
1808649
1808748
1808848
1808949
1809048
1809148
1809248
1809348
1809448
1809548
1809648
1809748
1809848
1809948
1810048
1810148
1810248
1810348
1810448
1810547
1810648
1810748
1810847
1810948
1811047
1811147
1811248
1811347
1811447
1811547
1811647
1811747
1811847
1811947
1812047
1812147
1812247
1812346
1812447
1812547
1812646
1812747
1812846
1812946
1813047
1813146
1813246
1813346
1813446
1813547
1813646
1813746
1813847
1813946
1814046
1814146
1814246
1814346
1814446
1814546
1814645
1814746
1814846
1814945
1815046
1815146
1815245
1815346
1815445
1815545
1815645
1815745
1815845
1815945
1816045
1816145
1816245
1816345
1816444
1816545
1816651
1816744
1816845
1816944
1817044
1817145
1817244
1817345
1817444
1817544
1817645
1817745
1817844
1817945
1818044
1818144
1818244
1818344
1818444
1818544
1818644
1818747
1818844
1818944
1819043
1819144
1819243
1819343
1819444
1819543
1819643
1819744
1819843
1819943
1820043
1820143
1820243
1820343
1820443
1820542
1820643
1820743
1820843
1820943
1821042
1821143
1821243
1821342
1821443
1821542
1821642
1821743
1821844
1821942
1822043
1822142
1822242
1822342
1822442
1822542
1822642
1822742
1822841
1822942
1823042
1823141
1823242
1823341
1823441
1823542
1823641
1823741
1823842
1823941
1824041
1824141
1824241
1824342
1824441
1824541
1824641
1824741
1824841
1824941
1825041
1825140
1825241
1825341
1825440
1825541
1825640
1825740
1825841
1825940
1826040
1826141
1826240
1826340
1826440
1826540
1826640
1826740
1826840
1826939
1827041
1827140
1827239
1827340
1827439
1827640
1827739
1827840
1827940
1828039
1828140
1828239
1828339
1828440
1828539
1828639
1828739
1828839
1828939
1829039
1829139
1829238
1829339
1829439
1829538
1829639
1829739
1829838
1829939
1830038
1830138
1830239
1830338
1830438
1830538
1830638
1830738
1830838
1830938
1831037
1831138
1831238
1831337
1831438
1831537
1831638
1831738
1831837
1831938
1832038
1832137
1832238
1832337
1832437
1832538
1832637
1832737
1832837
1832937
1833037
1833137
1833237
1833336
1833437
1833537
1833636
1833737
1833836
1833936
1834037
1834136
1834236
1834337
1834436
1834536
1834636
1834739
1834836
1834936
1835036
1835136
1835236
1835336
1835436
1835536
1835635
1835741
1835836
1835935
1836036
1836136
1836235
1836336
1836435
1836535
1836637
1836735
1836835
1836935
1837035
1837135
1837235
1837335
1837434
1837535
1837635
1837734
1837835
1837934
1838034
1838135
1838234
1838334
1838435
1838534
1838635
1838734
1838834
1838935
1839034
1839134
1839234
1839334
1839434
1839534
1839634
1839733
1839834
1839934
1840033
1840134
1840234
1840333
1840434
1840533
1840633
1840737
1840833
1840933
1841033
1841133
1841233
1841333
1841433
1841532
1841633
1841734
1841832
1841933
1842033
1842132
1842233
1842332
1842433
1842533
1842632
1842733
1842832
1842932
1843033
1843132
1843232
1843332
1843432
1843532
1843632
1843831
1843932
1844032
1844131
1844232
1844332
1844431
1844532
1844631
1844731
1844832
1844931
1845031
1845131
1845231
1845331
1845431
1845531
1845630
1845731
1845831
1845931
1846031
1846131
1846231
1846335
1846430
1846531
1846631
1846730
1846831
1846930
1847030
1847131
1847230
1847330
1847430
1847530
1847630
1847730
1847830
1847929
1848030
1848130
1848229
1848330
1848430
1848529
1848630
1848729
1848829
1848930
1849029
1849129
1849229
1849329
1849430
1849529
1849629
1849729
1849829
1849929
1850029
1850129
1850229
1850329
1850429
1850528
1850629
1850729
1850828
1850929
1851028
1851128
1851229
1851328
1851428
1851528
1851628
1851728
1851828
1851928
1852027
1852128
1852228
1852327
1852428
1852528
1852627
1852728
1852827
1852928
1853028
1853127
1853228
1853327
1853427
1853528
1853627
1853727
1853828
1853927
1854027
1854127
1854227
1854326
1854427
1854527
1854626
1854727
1854827
1854926
1855027
1855126
1855226
1855327
1855426
1855526
1855626
1855726
1855826
1855926
1856026
1856125
1856226
1856326
1856425
1856526
1856626
1856726
1856826
1856925
1857026
1857126
1857225
1857326
1857425
1857525
1857626
1857725
1857825
1857925
1858025
1858125
1858225
1858325
1858424
1858525
1858625
1858724
1858825
1858925
1859024
1859125
1859324
1859425
1859524
1859624
1859724
1859824
1859924
1860024
1860124
1860224
1860324
1860424
1860524
1860624
1860724
1860824
1860924
1861023
1861124
1861224
1861323
1861424
1861529
1861624
1861724
1861823
1861923
1862023
1862123
1862223
1862323
1862423
1862522
1862623
1862723
1862822
1862923
1863023
1863122
1863223
1863322
1863422
1863523
1863622
1863723
1863822
1863922
1864023
1864122
1864222
1864322
1864422
1864522
1864622
1864722
1864822
1864922
1865022
1865121
1865222
1865322
1865421
1865522
1865621
1865721
1865822
1865921
1866021
1866121
1866221
1866321
1866421
1866525
1866621
1866721
1866821
1866920
1867021
1867121
1867220
1867321
1867420
1867521
1867621
1867720
1867821
1867920
1868020
1868121
1868220
1868320
1868421
1868520
1868620
1868720
1868820
1868920
1869020
1869120
1869219
1869320
1869420
1869519
1869620
1869719
1869819
1869920
1870019
1870119
1870219
1870319
1870419
1870519
1870619
1870720
1870819
1870919
1871019
1871119
1871219
1871321
1871419
1871518
1871623
1871719
1871818
1871919
1872018
1872118
1872219
1872318
1872418
1872519
1872618
1872718
1872818
1872918
1873018
1873118
1873218
1873317
1873418
1873518
1873617
1873718
1873817
1873917
1874018
1874117
1874217
1874318
1874417
1874518
1874617
1874717
1874818
1874917
1875017
1875117
1875217
1875317
1875417
1875517
1875616
1875717
1875817
1875916
1876017
1876116
1876216
1876318
1876416
1876516
1876617
1876716
1876816
1876916
1877016
1877116
1877216
1877316
1877415
1877516
1877616
1877715
1877816
1877915
1878016
1878116
1878215
1878316
1878416
1878515
1878616
1878715
1878815
1878915
1879015
1879115
1879215
1879315
1879415
1879515
1879615
1879714
1879815
1879915
1880014
1880115
1880215
1880314
1880415
1880514
1880614
1880714
1880814
1880914
1881014
1881114
1881214
1881314
1881414
1881513
1881614
1881714
1881814
1881914
1882013
1882114
1882214
1882313
1882414
1882513
1882613
1882714
1882813
1882913
1883014
1883113
1883213
1883313
1883413
1883513
1883613
1883713
1883812
1883913
1884013
1884112
1884213
1884312
1884412
1884513
1884612
1884712
1884813
1884912
1885012
1885112
1885212
1885313
1885412
1885512
1885612
1885712
1885812
1885912
1886012
1886111
1886212
1886312
1886411
1886512
1886612
1886711
1886812
1886911
1887011
1887111
1887211
1887311
1887411
1887511
1887611
1887711
1887811
1887910
1888011
1888111
1888210
1888311
1888410
1888510
1888611
1888710
1888811
1888911
1889010
1889111
1889210
1889310
1889411
1889510
1889610
1889710
1889810
1889910
1890010
1890110
1890209
1890310
1890410
1890509
1890610
1890710
1890809
1890910
1891009
1891109
1891210
1891309
1891409
1891509
1891609
1891709
1891809
1891909
1892019
1892109
1892209
1892308
1892409
1892509
1892609
1892709
1892808
1892909
1893009
1893108
1893209
1893308
1893408
1893509
1893608
1893708
1893808
1893908
1894008
1894108
1894208
1894308
1894408
1894508
1894607
1894708
1894808
1894907
1895008
1895107
1895207
1895308
1895407
1895507
1895607
1895707
1895808
1895907
1896007
1896108
1896207
1896307
1896407
1896507
1896607
1896707
1896807
1896906
1897007
1897107
1897206
1897307
1897406
1897506
1897607
1897706
1897806
1897906
1898006
1898106
1898206
1898306
1898405
1898506
1898607
1898705
1898806
1898905
1899005
1899106
1899205
1899305
1899406
1899505
1899606
1899708
1899805
1899906
1900005
1900105
1900205
1900305
1900405
1900505
1900605
1900705
1900805
1900905
1901004
1901105
1901205
1901304
1901405
1901504
1901604
1901705
1901804
1901904
1902004
1902104
1902204
1902304
1902404
1902503
1902604
1902704
1902803
1902904
1903003
1903104
1903204
1903303
1903404
1903504
1903603
1903704
1903803
1903903
1904004
1904103
1904203
1904303
1904403
1904503
1904603
1904703
1904803
1904903
1905003
1905102
1905203
1905303
1905402
1905503
1905602
1905702
1905803
1905902
1906002
1906102
1906202
1906302
1906402
1906502
1906601
1906702
1906802
1906902
1907002
1907102
1907202
1907302
1907401
1907502
1907605
1907701
1907802
1907901
1908001
1908102
1908201
1908301
1908402
1908501
1908601
1908701
1908801
1908901
1909001
1909101
1909200
1909301
1909401
1909500
1909601
1909700
1909800
1909901
1910000
1910100
1910200
1910300
1910401
1910500
1910600
1910701
1910800
1910900
1911000
1911100
1911200
1911300
1911400
1911499
1911600
1911700
1911799
1911900
1911999
1912099
1912200
1912299
1912399
1912499
1912599
1912699
1912799
1912899
1912999
1913099
1913199
1913298
1913399
1913499
1913598
1913699
1913798
1913899
1913999
1914098
1914199
1914298
1914398
1914499
1914598
1914698
1914799
1914898
1914998
1915098
1915198
1915298
1915398
1915498
1915597
1915698
1915798
1915897
1915998
1916097
1916197
1916298
1916397
1916497
1916597
1916697
1916797
1916897
1916997
1917097
1917197
1917297
1917396
1917497
1917597
1917697
1917797
1917896
1917997
1918097
1918196
1918297
1918397
1918496
1918597
1918696
1918796
1918897
1918996
1919096
1919196
1919296
1919396
1919496
1919596
1919695
1919796
1919896
1919995
1920096
1920196
1920295
1920396
1920495
1920595
1920698
1920795
1920896
1920995
1921095
1921196
1921295
1921395
1921495
1921595
1921695
1921795
1921895
1921994
1922095
1922195
1922294
1922395
1922494
1922594
1922695
1922794
1922894
1922995
1923094
1923194
1923294
1923394
1923494
1923594
1923694
1923794
1923894
1923994
1924093
1924194
1924293
1924393
1924494
1924593
1924694
1924827
1924893
1924994
1925093
1925193
1925294
1925393
1925493
1925593
1925693
1925793
1925893
1925993
1926093
1926193
1926293
1926392
1926493
1926593
1926692
1926793
1926892
1926992
1927093
1927192
1927292
1927392
1927492
1927592
1927692
1927792
1927891
1927992
1928092
1928192
1928292
1928391
1928492
1928600
1928691
1928792
1928891
1928991
1929092
1929191
1929291
1929392
1929491
1929595
1929691
1929791
1929891
1929991
1930091
1930190
1930291
1930391
1930490
1930596
1930691
1930790
1930891
1930990
1931090
1931191
1931290
1931390
1931490
1931590
1931691
1931790
1931890
1931990
1932090
1932190
1932290
1932390
1932490
1932590
1932690
1932789
1932890
1932990
1933190
1933289
1933389
1933490
1933589
1933689
1933789
1933889
1933989
1934189
1934289
1934389
1934489
1934588
1934689
1934789
1934888
1934989
1935088
1935188
1935289
1935388
1935489
1935588
1935688
1935793
1935888
1935988
1936088
1936188
1936288
1936388
1936488
1936587
1936688
1936792
1936887
1936988
1937088
1937187
1937288
1937387
1937487
1937588
1937687
1937787
1937887
1937987
1938087
1938187
1938287
1938386
1938487
1938587
1938686
1938787
1938887
1938987
1939087
1939186
1939287
1939387
1939486
1939587
1939686
1939786
1939887
1939986
1940086
1940186
1940286
1940386
1940486
1940586
1940686
1940786
1940886
1940985
1941086
1941186
1941285
1941386
1941485
1941585
1941686
1941785
1941885
1941985
1942085
1942185
1942285
1942385
1942484
1942585
1942685
1942785
1942885
1942985
1943085
1943185
1943284
1943385
1943485
1943584
1943685
1943784
1943884
1943985
1944084
1944184
1944284
1944384
1944484
1944584
1944684
1944784
1944884
1944984
1945184
1945284
1945383
1945484
1945583
1945683
1945784
1945883
1945984
1946083
1946183
1946284
1946383
1946483
1946584
1946683
1946784
1946883
1946983
1947083
1947183
1947283
1947382
1947483
1947583
1947682
1947783
1947882
1947982
1948083
1948182
1948282
1948383
1948482
1948582
1948682
1948782
1948882
1948982
1949082
1949181
1949282
1949382
1949481
1949582
1949681
1949782
1949882
1949981
1950082
1950182
1950281
1950382
1950481
1950581
1950781
1950881
1950981
1951081
1951181
1951281
1951381
1951480
1951589
1951681
1951780
1951881
1951981
1952080
1952181
1952280
1952380
1952481
1952580
1952680
1952783
1952880
1952980
1953080
1953180
1953280
1953380
1953480
1953580
1953685
1953780
1953880
1953980
1954079
1954180
1954279
1954379
1954480
1954579
1954679
1954782
1954879
1954979
1955079
1955179
1955279
1955379
1955479
1955578
1955683
1955779
1955878
1955979
1956079
1956178
1956279
1956378
1956478
1956579
1956678
1956779
1956878
1956978
1957079
1957178
1957278
1957378
1957478
1957578
1957678
1957784
1957878
1957978
1958078
1958177
1958278
1958378
1958477
1958578
1958677
1958777
1958878
1958977
1959077
1959177
1959277
1959377
1959477
1959581
1959676
1959777
1959877
1959976
1960077
1960177
1960276
1960377
1960476
1960577
1960677
1960776
1960877
1960976
1961076
1961177
1961276
1961376
1961476
1961676
1961776
1961876
1961975
1962076
1962176
1962275
1962376
1962476
1962575
1962676
1962775
1962875
1962976
1963075
1963175
1963275
1963375
1963475
1963575
1963675
1963778
1963875
1963975
1964075
1964175
1964275
1964375
1964475
1964574
1964675
1964775
1964874
1964975
1965074
1965174
1965275
1965374
1965474
1965575
1965674
1965774
1965874
1965974
1966074
1966174
1966274
1966373
1966474
1966574
1966676
1966774
1966873
1966973
1967074
1967173
1967273
1967373
1967473
1967574
1967673
1967773
1967874
1967973
1968073
1968173
1968273
1968373
1968473
1968573
1968673
1968775
1968873
1968972
1969073
1969173
1969272
1969373
1969472
1969572
1969673
1969772
1969872
1969972
1970072
1970172
1970272
1970372
1970471
1970572
1970672
1970771
1970872
1970972
1971072
1971172
1971271
1971372
1971472
1971574
1971771
1971871
1971972
1972071
1972171
1972271
1972371
1972471
1972571
1972671
1972770
1972871
1972971
1973070
1973171
1973270
1973370
1973471
1973570
1973670
1973771
1973870
1973970
1974070
1974170
1974270
1974370
1974470
1974569
1974670
1974770
1974870
1974970
1975070
1975170
1975270
1975369
1975470
1975570
1975669
1975770
1975869
1975969
1976070
1976169
1976269
1976369
1976469
1976569
1976669
1976769
1976868
1976969
1977071
1977168
1977269
1977369
1977468
1977569
1977668
1977768
1977869
1977968
1978068
1978168
1978268
1978369
1978468
1978568
1978668
1978768
1978868
1978968
1979068
1979167
1979268
1979368
1979467
1979568
1979668
1979767
1979868
1979967
1980067
1980168
1980267
1980367
1980468
1980567
1980667
1980767
1980867
1980967
1981067
1981167
1981266
1981367
1981467
1981566
1981667
1981766
1981867
1981967
1982066
1982167
1982266
1982366
1982467
1982566
1982666
1982767
1982866
1982966
1983066
1983166
1983265
1983366
1983466
1983565
1983666
1983770
1983865
1983966
1984065
1984165
1984266
1984365
1984465
1984571
1984665
1984765
1984865
1984965
1985065
1985165
1985265
1985364
1985465
1985565
1985665
1985765
1985864
1985965
1986065
1986164
1986265
1986364
1986464
1986565
1986664
1986764
1986866
1986964
1987064
1987164
1987264
1987364
1987464
1987564
1987663
1987764
1987864
1987963
1988064
1988163
1988263
1988364
1988463
1988563
1988668
1988763
1988864
1988963
1989063
1989164
1989263
1989363
1989463
1989570
1989663
1989763
1989863
1989962
1990063
1990163
1990262
1990363
1990462
1990562
1990663
1990762
1990862
1990963
1991062
1991162
1991262
1991362
1991462
1991562
1991665
1991761
1991862
1991962
1992061
1992162
1992262
1992361
1992462
1992561
1992662
1992762
1992861
1992962
1993061
1993161
1993262
1993361
1993461
1993561
1993661
1993761
1993861
1993961
1994060
1994161
1994261
1994360
1994461
1994561
1994660
1994761
1994860
1994960
1995061
1995160
1995260
1995360
1995460
1995560
1995665
1995760
1995859
1995960
1996060
1996160
1996260
1996360
1996460
1996560
1996659
1996760
1996860
1996966
1997060
1997159
1997259
1997360
1997459
1997559
1997660
1997759
1997859
1997959
1998059
1998159
1998259
1998359
1998458
1998559
1998659
1998758
1998859
1998958
1999058
1999159
1999258
1999358
1999458
1999558
1999664
1999758
1999858
1999959
2000058
2000158
2000258
2000358
2000458
2000558
2000660
2000757
2000858
2000958
2001057
2001158
2001257
2001357
2001458
2001557
2001657
2001760
2001862
2001957
2002057
2002157
2002256
2002357
2002556
2002657
2002757
2002856
2002957
2003056
2003156
2003257
2003356
2003457
2003556
2003656
2003757
2003856
2003956
2004057
2004156
2004256
2004356
2004456
2004556
2004656
2004756
2004855
2004956
2005056
2005155
2005256
2005355
2005455
2005556
2005655
2005755
2005856
2005955
2006055
2006155
2006255
2006355
2006455
2006555
2006654
2006755
2006855
2006955
2007055
2007154
2007255
2007355
2007454
2007555
2007655
2007754
2007855
2007954
2008054
2008155
2008254
2008354
2008454
2008554
2008654
2008754
2008854
2008953
2009054
2009154
2009253
2009354
2009453
2009553
2009654
2009753
2009853
2009954
2010053
2010153
2010253
2010353
2010454
2010558
2010653
2010753
2010853
2010953
2011053
2011153
2011252
2011353
2011453
2011552
2011653
2011753
2011852
2011953
2012052
2012152
2012253
2012352
2012452
2012552
2012652
2012755
2012852
2012952
2013051
2013152
2013252
2013351
2013452
2013552
2013651
2013752
2013851
2013952
2014052
2014151
2014252
2014351
2014451
2014552
2014651
2014751
2014851
2014951
2015051
2015151
2015251
2015351
2015451
2015551
2015650
2015751
2015851
2015950
2016051
2016150
2016250
2016351
2016450
2016550
2016651
2016750
2016850
2016950
2017050
2017150
2017250
2017350
2017449
2017550
2017651
2017750
2017850
2017949
2018050
2018150
2018249
2018350
2018449
2018549
2018650
2018749
2018849
2018950
2019049
2019149
2019249
2019349
2019449
2019549
2019649
2019748
2019849
2019949
2020048
2020149
2020248
2020348
2020449
2020548
2020648
2020752
2020848
2020948
2021048
2021148
2021249
2021348
2021448
2021548
2021648
2021748
2021851
2021948
2022047
2022148
2022248
2022347
2022448
2022548
2022649
2022748
2022847
2022947
2023048
2023147
2023247
2023347
2023447
2023547
2023647
2023747
2023846
2023947
2024047
2024146
2024247
2024347
2024446
2024547
2024646
2024747
2024847
2024946
2025047
2025146
2025246
2025347
2025446
2025546
2025646
2025746
2025846
2025946
2026046
2026146
2026246
2026346
2026445
2026546
2026646
2026745
2026846
2026945
2027045
2027146
2027245
2027345
2027445
2027545
2027645
2027745
2027845
2027945
2028045
2028145
2028244
2028345
2028445
2028549
2028645
2028744
2028845
2028945
2029044
2029145
2029244
2029344
2029445
2029546
2029644
2029745
2029844
2029944
2030044
2030144
2030244
2030344
2030444
2030543
2030645
2030744
2030843
2030944
2031043
2031143
2031244
2031343
2031443
2031543
2031643
2031744
2031843
2031943
2032044
2032143
2032243
2032343
2032443
2032543
2032643
2032743
2032842
2032943
2033043
2033142
2033243
2033342
2033442
2033543
2033642
2033742
2033843
2033942
2034042
2034142
2034242
2034342
2034442
2034542
2034641
2034742
2034842
2034941
2035042
2035141
2035241
2035342
2035441
2035547
2035642
2035741
2035842
2035941
2036041
2036142
2036241
2036341
2036441
2036541
2036641
2036749
2036841
2036940
2037041
2037141
2037240
2037341
2037440
2037540
2037641
2037740
2037840
2037941
2038040
2038140
2038240
2038340
2038440
2038540
2038640
2038740
2038840
2039040
2039140
2039240
2039340
2039440
2039539
2039640
2039740
2039839
2039940
2040039
2040139
2040240
2040339
2040439
2040539
2040646
2040739
2040839
2040939
2041038
2041139
2041239
2041338
2041439
2041539
2041638
2041739
2041838
2041938
2042039
2042138
2042238
2042339
2042438
2042539
2042638
2042738
2042839
2042938
2043038
2043138
2043238
2043338
2043438
2043538
2043637
2043739
2043838
2043937
2044038
2044137
2044237
2044338
2044437
2044541
2044637
2044737
2044837
2044937
2045037
2045137
2045237
2045337
2045436
2045537
2045637
2045736
2045837
2045936
2046036
2046137
2046236
2046337
2046436
2046536
2046638
2046736
2046836
2046937
2047036
2047136
2047236
2047336
2047436
2047536
2047636
2047735
2047836
2047936
2048035
2048136
2048236
2048335
2048436
2048539
2048635
2048736
2048835
2048935
2049035
2049135
2049235
2049335
2049435
2049534
2049635
2049735
2049835
2049935
2050034
2050135
2050235
2050334
2050435
2050535
2050634
2050735
2050834
2050934
2051035
2051134
2051234
2051334
2051434
2051538
2051634
2051734
2051833
2051934
2052034
2052133
2052234
2052334
2052433
2052534
2052633
2052733
2052834
2052933
2053033
2053133
2053233
2053334
2053433
2053535
2053633
2053733
2053833
2053933
2054033
2054133
2054233
2054333
2054432
2054533
2054636
2054732
2054833
2054932
2055032
2055133
2055232
2055332
2055432
2055532
2055632
2055732
2055832
2055932
2056032
2056132
2056231
2056332
2056432
2056531
2056632
2056731
2056832
2056932
2057031
2057132
2057231
2057331
2057432
2057531
2057631
2057732
2057831
2057931
2058031
2058131
2058231
2058331
2058431
2058530
2058631
2058731
2058830
2058931
2059030
2059130
2059231
2059330
2059430
2059531
2059630
2059730
2059830
2059930
2060030
2060130
2060230
2060329
2060430
2060530
2060630
2060730
2060829
2060930
2061030
2061129
2061230
2061330
2061429
2061530
2061630
2061729
2061830
2061929
2062029
2062129
2062229
2062329
2062429
2062529
2062628
2062729
2062829
2062928
2063029
2063129
2063228
2063329
2063428
2063528
2063629
2063728
2063828
2063928
2064028
2064129
2064228
2064328
2064429
2064528
2064630
2064728
2064828
2064928
2065028
2065128
2065227
2065328
2065428
2065527
2065628
2065727
2065827
2065928
2066027
2066127
2066228
2066327
2066427
2066527
2066627
2066727
2066827
2066927
2067026
2067127
2067227
2067326
2067427
2067526
2067632
2067733
2067826
2067927
2068027
2068126
2068227
2068326
2068426
2068527
2068626
2068726
2068826
2068926
2069026
2069126
2069226
2069325
2069426
2069526
2069629
2069726
2069825
2069925
2070026
2070125
2070225
2070326
2070425
2070525
2070625
2070725
2070825
2070925
2071025
2071124
2071225
2071325
2071425
2071525
2071624
2071725
2071825
2071924
2072025
2072125
2072224
2072325
2072424
2072524
2072625
2072724
2072824
2072924
2073024
2073124
2073224
2073324
2073423
2073524
2073624
2073723
2073824
2073924
2074023
2074124
2074223
2074323
2074424
2074525
2074624
2074723
2074823
2074924
2075023
2075123
2075223
2075323
2075423
2075523
2075623
2075723
2075823
2075923
2076022
2076123
2076223
2076322
2076423
2076522
2076622
2076723
2076822
2076922
2077022
2077122
2077222
2077322
2077422
2077522
2077622
2077722
2077821
2077922
2078022
2078121
2078222
2078321
2078422
2078522
2078621
2078722
2078821
2078921
2079022
2079121
2079221
2079322
2079421
2079521
2079621
2079721
2079821
2079921
2080021
2080120
2080221
2080321
2080420
2080525
2080620
2080720
2080821
2080920
2081020
2081121
2081220
2081320
2081420
2081520
2081620
2081720
2081820
2081920
2082020
2082120
2082220
2082320
2082419
2082520
2082620
2082719
2082820
2082920
2083019
2083120
2083219
2083319
2083420
2083519
2083619
2083719
2083819
2083919
2084019
2084119
2084218
2084319
2084419
2084518
2084620
2084719
2084818
2084919
2085018
2085118
2085219
2085318
2085419
2085519
2085618
2085719
2085818
2085918
2086018
2086118
2086218
2086318
2086418
2086518
2086618
2086718
2086817
2086918
2087020
2087117
2087218
2087317
2087417
2087518
2087617
2087717
2087817
2087917
2088017
2088117
2088217
2088317
2088417
2088517
2088616
2088719
2088817
2088916
2089017
2089116
2089217
2089317
2089416
2089517
2089617
2089716
2089817
2089916
2090016
2090117
2090216
2090316
2090416
2090616
2090716
2090816
2090915
2091016
2091116
2091215
2091316
2091416
2091515
2091616
2091719
2091824
2091916
2092015
2092115
2092215
2092315
2092416
2092516
2092615
2092715
2092815
2092915
2093015
2093115
2093214
2093315
2093415
2093514
2093615
2093715
2093814
2093915
2094014
2094114
2094215
2094314
2094414
2094514
2094614
2094714
2094814
2094914
2095014
2095114
2095214
2095313
2095414
2095514
2095613
2095714
2095813
2095913
2096014
2096113
2096214
2096314
2096413
2096514
2096613
2096713
2096814
2096913
2097013
2097113
2097213
2097413
2097513
2097612
2097713
2097813
2097912
2098013
2098113
2098212
2098313
2098412
2098512
2098613
2098712
2098812
2098912
2099012
2099112
2099212
2099312
2099411
2099512
2099612
2099712
2099812
2099912
2100012
2100112
2100211
2100312
2100412
2100511
2100612
2100711
2100811
2100912
2101011
2101111
2101211
2101311
2101411
2101511
2101611
2101711
2101811
2101911
2102010
2102111
2102211
2102310
2102411
2102510
2102610
2102711
2102810
2102910
2103010
2103110
2103211
2103310
2103410
2103510
2103610
2103710
2103810
2103910
2104010
2104110
2104210
2104309
2104410
2104510
2104609
2104710
2104809
2104909
2105010
2105109
2105209
2105309
2105409
2105509
2105609
2105709
2105809
2105909
2106009
2106108
2106209
2106309
2106408
2106509
2106613
2106708
2106809
2106908
2107009
2107108
2107208
2107309
2107408
2107508
2107609
2107708
2107808
2107908
2108008
2108108
2108208
2108308
2108407
2108508
2108609
2108707
2108808
2108907
2109007
2109108
2109207
2109307
2109408
2109507
2109616
2109707
2109807
2109907
2110007
2110107
2110206
2110407
2110507
2110607
2110707
2110807
2110907
2111006
2111107
2111207
2111407
2111506
2111611
2111707
2111806
2111906
2112006
2112106
2112206
2112306
2112406
2112505
2112606
2112706
2112805
2112906
2113006
2113105
2113206
2113305
2113405
2113506
2113610
2113705
2113805
2113905
2114006
2114105
2114205
2114306
2114405
2114505
2114605
2114705
2114805
2114905
2115005
2115104
2115205
2115305
2115404
2115505
2115604
2115704
2115805
2115904
2116004
2116105
2116204
2116304
2116404
2116504
2116604
2116704
2116804
2116904
2117004
2117104
2117203
2117304
2117403
2117504
2117604
2117703
2117804
2117904
2118003
2118104
2118203
2118303
2118404
2118503
2118603
2118703
2118803
2118903
2119003
2119103
2119203
2119303
2119403
2119502
2119603
2119703
2119802
2119903
2120002
2120102
2120203
2120302
2120402
2120508
2120602
2120702
2120802
2120902
2121001
2121102
2121202
2121302
2121402
2121502
2121602
2121706
2121801
2121902
2122002
2122101
2122202
2122301
2122401
2122502
2122601
2122701
2122802
2122901
2123001
2123101
2123201
2123301
2123401
2123501
2123600
2123701
2123801
2123900
2124001
2124100
2124200
2124301
2124400
2124500
2124601
2124700
2124801
2124900
2125000
2125101
2125200
2125300
2125400
2125500
2125600
2125700
2125800
2125900
2126000
2126100
2126199
2126300
2126400
2126499
2126600
2126699
2126799
2126900
2126999
2127099
2127199
2127299
2127399
2127499
2127599
2127699
2127799
2127899
2127998
2128099
2128199
2128299
2128399
2128498
2128599
2128702
2128798
2128899
2128998
2129098
2129199
2129298
2129398
2129498
2129598
2129698
2129798
2129898
2129998
2130098
2130198
2130297
2130398
2130498
2130597
2130698
2130798
2130897
2130998
2131097
2131197
2131297
2131397
2131497
2131597
2131697
2131799
2131897
2131997
2132097
2132197
2132297
2132397
2132497
2132596
2132697
2132797
2132896
2132997
2133097
2133196
2133297
2133396
2133496
2133597
2133696
2133796
2133896
2133996
2134096
2134196
2134296
2134395
2134496
2134596
2134701
2134796
2134895
2134995
2135096
2135195
2135296
2135396
2135495
2135596
2135695
2135795
2135896
2135995
2136095
2136195
2136295
2136395
2136495
2136595
2136695
2136795
2136895
2136994
2137095
2137195
2137294
2137395
2137494
2137594
2137695
2137794
2137894
2137994
2138094
2138194
2138294
2138394
2138494
2138594
2138694
2138793
2138894
2138994
2139094
2139194
2139293
2139394
2139494
2139593
2139694
2139793
2139893
2139994
2140093
2140193
2140294
2140393
2140493
2140593
2140693
2140793
2140893
2140993
2141092
2141193
2141293
2141392
2141493
2141592
2141692
2141793
2141892
2141992
2142093
2142192
2142292
2142392
2142492
2142598
2142692
2142792
2142892
2142992
2143092
2143192
2143292
2143391
2143492
2143592
2143691
2143792
2143892
2143991
2144092
2144191
2144291
2144392
2144491
2144591
2144691
2144791
2144891
2144991
2145091
2145191
2145291
2145391
2145490
2145591
2145691
2145790
2145891
2145990
2146091
2146191
2146290
2146391
2146491
2146590
2146691
2146790
2146890
2146991
2147090
2147190
2147290
2147390
2147490
2147590
2147690
2147789
2147890
2147990
2148089
2148190
2148289
2148389
2148490
2148589
2148689
2148790
2148889
2148989
2149089
2149189
2149289
2149389
2149489
2149590
2149689
2149789
2149889
2149989
2150089
2150189
2150289
2150388
2150489
2150589
2150688
2150789
2150888
2150988
2151089
2151188
2151288
2151388
2151488
2151588
2151688
2151788
2151887
2151988
2152088
2152187
2152288
2152388
2152487
2152588
2152687
2152787
2152888
2152987
2153088
2153187
2153287
2153388
2153487
2153587
2153688
2153787
2153887
2153987
2154087
2154187
2154287
2154387
2154486
2154587
2154687
2154786
2154887
2154986
2155086
2155187
2155286
2155386
2155487
2155586
2155686
2155786
2155886
2155986
2156086
2156186
2156285
2156386
2156486
2156585
2156689
2156785
2156886
2156986
2157085
2157186
2157286
2157385
2157486
2157585
2157685
2157786
2157885
2157985
2158085
2158185
2158285
2158385
2158485
2158585
2158685
2158785
2158884
2158985
2159085
2159184
2159285
2159384
2159484
2159585
2159684
2159784
2159884
2159984
2160084
2160184
2160284
2160384
2160484
2160584
2160688
2160784
2160884
2160984
2161084
2161183
2161284
2161384
2161483
2161584
2161684
2161783
2161884
2161983
2162083
2162184
2162283
2162383
2162483
2162583
2162683
2162783
2162883
2162982
2163083
2163183
2163282
2163383
2163482
2163586
2163683
2163782
2163883
2163983
2164082
2164183
2164282
2164382
2164483
2164582
2164682
2164782
2164882
2164982
2165082
2165182
2165281
2165382
2165482
2165581
2165682
2165782
2165881
2165982
2166081
2166181
2166282
2166381
2166481
2166581
2166684
2166781
2166881
2166981
2167080
2167181
2167281
2167380
2167482
2167581
2167681
2167781
2167880
2167981
2168081
2168180
2168281
2168381
2168480
2168581
2168680
2168780
2168881
2168980
2169080
2169180
2169280
2169380
2169480
2169580
2169679
2169780
2169880
2169979
2170080
2170180
2170279
2170380
2170479
2170579
2170683
2170779
2170880
2171079
2171180
2171279
2171379
2171479
2171579
2171679
2171779
2171879
2171978
2172079
2172179
2172278
2172379
2172479
2172578
2172679
2172778
2172878
2172979
2173078
2173178
2173278
2173478
2173578
2173678
2173778
2173878
2173978
2174077
2174178
2174278
2174377
2174478
2174577
2174678
2174778
2174877
2174978
2175077
2175177
2175278
2175377
2175477
2175578
2175677
2175777
2175877
2175977
2176077
2176177
2176277
2176376
2176477
2176577
2176676
2176777
2176876
2176976
2177077
2177176
2177276
2177377
2177476
2177576
2177676
2177776
2177876
2177976
2178076
2178176
2178276
2178376
2178484
2178576
2178675
2178776
2178876
2178975
2179076
2179176
2179275
2179376
2179478
2179575
2179676
2179775
2179875
2179976
2180075
2180175
2180275
2180375
2180475
2180576
2180675
2180774
2180875
2180975
2181074
2181175
2181274
2181374
2181475
2181574
2181675
2181775
2181874
2181975
2182074
2182174
2182275
2182374
2182480
2182574
2182674
2182774
2182874
2182974
2183073
2183174
2183274
2183373
2183474
2183574
2183673
2183774
2183873
2183973
2184074
2184173
2184273
2184373
2184473
2184573
2184673
2184773
2184872
2184973
2185073
2185172
2185273
2185373
2185473
2185573
2185672
2185773
2185873
2185972
2186073
2186172
2186272
2186373
2186472
2186572
2186673
2186772
2186872
2186972
2187072
2187172
2187272
2187372
2187471
2187572
2187672
2187771
2187872
2187971
2188071
2188172
2188271
2188371
2188472
2188571
2188672
2188771
2188871
2188972
2189071
2189171
2189271
2189371
2189471
2189573
2189671
2189770
2189871
2189971
2190070
2190171
2190271
2190370
2190471
2190570
2190670
2190771
2190870
2190970
2191070
2191170
2191270
2191370
2191470
2191580
2191670
2191770
2191869
2191970
2192070
2192169
2192270
2192369
2192470
2192570
2192669
2192770
2192869
2192969
2193070
2193169
2193269
2193369
2193469
2193569
2193669
2193769
2193869
2193969
2194069
2194168
2194269
2194369
2194468
2194569
2194672
2194768
2194869
2194968
2195068
2195168
2195268
2195368
2195468
2195568
2195668
2195768
2195868
2195968
2196068
2196168
2196268
2196368
2196467
2196573
2196668
2196767
2196868
2196968
2197067
2197168
2197267
2197367
2197468
2197567
2197667
2197767
2197867
2197967
2198067
2198167
2198266
2198367
2198467
2198566
2198667
2198767
2198866
2198967
2199066
2199166
2199267
2199366
2199467
2199566
2199666
2199767
2199866
2199966
2200067
2200166
2200266
2200366
2200466
2200566
2200666
2200766
2200865
2200966
2201066
2201165
2201266
2201365
2201465
2201566
2201665
2201765
2201866
2201965
2202065
2202165
2202265
2202365
2202466
2202565
2202664
2202765
2202865
2202964
2203065
2203165
2203265
2203365
2203464
2203565
2203665
2203764
2203865
2203964
2204064
2204165
2204264
2204364
2204464
2204564
2204664
2204764
2204864
2204964
2205064
2205164
2205263
2205364
2205464
2205563
2205664
2205763
2205863
2205964
2206063
2206163
2206264
2206363
2206464
2206563
2206663
2206764
2206863
2206963
2207063
2207163
2207263
2207363
2207463
2207562
2207663
2207763
2207862
2207963
2208063
2208162
2208263
2208362
2208462
2208563
2208662
2208762
2208862
2208962
2209062
2209162
2209262
2209361
2209462
2209562
2209661
2209762
2209862
2209961
2210062
2210161
2210262
2210362
2210461
2210562
2210661
2210761
2210862
2210961
2211061
2211161
2211261
2211361
2211461
2211561
2211661
2211761
2211861
2211960
2212061
2212161
2212260
2212361
2212460
2212560
2212661
2212760
2212860
2212961
2213060
2213160
2213260
2213360
2213460
2213560
2213660
2213760
2213860
2213960
2214060
2214160
2214259
2214360
2214461
2214559
2214660
2214759
2214859
2214960
2215059
2215159
2215260
2215359
2215459
2215559
2215659
2215759
2215859
2215959
2216059
2216159
2216259
2216358
2216459
2216559
2216658
2216759
2216858
2216958
2217059
2217158
2217259
2217358
2217458
2217559
2217663
2217758
2217858
2217958
2218058
2218158
2218258
2218358
2218458
2218558
2218657
2218758
2218858
2218957
2219058
2219157
2219257
2219358
2219457
2219557
2219658
2219757
2219857
2219957
2220057
2220157
2220257
2220357
2220456
2220557
2220657
2220756
2220857
2220956
2221057
2221157
2221256
2221357
2221457
2221556
2221657
2221756
2221856
2221957
2222056
2222156
2222256
2222356
2222456
2222556
2222656
2222755
2222856
2222956
2223055
2223156
2223256
2223355
2223456
2223555
2223655
2223756
2223955
2224055
2224155
2224256
2224355
2224455
2224556
2224655
2224755
2224855
2224955
2225055
2225155
2225255
2225354
2225463
2225555
2225654
2225755
2225855
2225954
2226055
2226154
2226254
2226355
2226454
2226554
2226654
2226754
2226854
2226954
2227054
2227153
2227254
2227354
2227453
2227554
2227654
2227753
2227854
2227953
2228054
2228154
2228253
2228354
2228453
2228556
2228654
2228753
2228853
2228953
2229053
2229153
2229253
2229353
2229453
2229553
2229653
2229752
2229853
2229953
2230052
2230153
2230252
2230352
2230453
2230552
2230652
2230753
2230852
2230952
2231052
2231152
2231252
2231352
2231452
2231552
2231652
2231752
2231852
2231952
2232052
2232152
2232252
2232351
2232452
2232552
2232651
2232752
2232851
2232951
2233052
2233151
2233251
2233352
2233451
2233555
2233651
2233751
2233851
2233951
2234051
2234150
2234251
2234351
2234450
2234551
2234650
2234750
2234851
2234950
2235051
2235150
2235250
2235351
2235450
2235550
2235651
2235750
2235850
2235950
2236050
2236150
2236250
2236350
2236449
2236550
2236654
2236749
2236850
2236949
2237049
2237150
2237249
2237349
2237450
2237549
2237649
2237749
2237849
2237949
2238049
2238149
2238248
2238349
2238449
2238548
2238649
2238749
2238849
2238949
2239048
2239149
2239249
2239348
2239449
2239548
2239648
2239749
2239848
2239948
2240048
2240148
2240248
2240348
2240448
2240548
2240648
2240748
2240847
2240948
2241048
2241147
2241248
2241347
2241447
2241548
2241653
2241753
2241848
2241947
2242048
2242147
2242247
2242348
2242454
2242547
2242647
2242747
2242847
2242947
2243047
2243146
2243247
2243347
2243446
2243547
2243647
2243746
2243847
2243946
2244046
2244147
2244246
2244346
2244446
2244546
2244646
2244746
2244846
2244946
2245046
2245146
2245245
2245346
2245446
2245545
2245646
2245745
2245846
2245946
2246045
2246146
2246245
2246345
2246449
2246545
2246645
2246746
2246845
2246945
2247045
2247145
2247245
2247345
2247445
2247544
2247645
2247745
2247844
2247945
2248045
2248144
2248245
2248344
2248444
2248545
2248644
2248744
2248844
2248944
2249044
2249144
2249244
2249344
2249444
2249547
2249644
2249744
2249844
2249944
2250044
2250143
2250244
2250344
2250443
2250544
2250643
2250743
2250844
2250943
2251043
2251143
2251243
2251343
2251443
2251543
2251643
2251743
2251843
2251942
2252043
2252143
2252242
2252343
2252443
2252542
2252643
2252742
2252843
2252943
2253042
2253143
2253242
2253342
2253443
2253542
2253642
2253742
2253842
2253942
2254042
2254142
2254241
2254342
2254442
2254546
2254642
2254742
2254841
2254942
2255041
2255141
2255242
2255341
2255441
2255541
2255641
2255741
2255841
2255941
2256041
2256141
2256241
2256340
2256441
2256541
2256648
2256743
2256840
2256941
2257041
2257140
2257241
2257340
2257440
2257545
2257640
2257740
2257841
2257940
2258040
2258140
2258240
2258340
2258440
2258543
2258639
2258740
2258840
2258939
2259040
2259140
2259239
2259340
2259439
2259547
2259640
2259739
2259840
2259939
2260039
2260140
2260239
2260339
2260440
2260539
2260639
2260739
2260839
2260938
2261039
2261139
2261238
2261339
2261439
2261538
2261639
2261738
2261838
2261939
2262038
2262138
2262238
2262338
2262438
2262544
2262638
2262738
2262838
2262938
2263037
2263138
2263238
2263337
2263438
2263538
2263638
2263738
2263837
2263938
2264038
2264137
2264238
2264337
2264437
2264538
2264637
2264737
2264837
2264937
2265037
2265137
2265237
2265337
2265437
2265537
2265636
2265737
2265837
2265936
2266037
2266136
2266236
2266337
2266436
2266536
2266636
2266736
2266836
2266936
2267036
2267137
2267236
2267336
2267436
2267536
2267636
2267736
2267836
2267935
2268036
2268136
2268235
2268336
2268436
2268535
2268636
2268735
2268835
2268936
2269035
2269135
2269235
2269335
2269435
2269535
2269635
2269734
2269835
2269935
2270034
2270135
2270235
2270334
2270435
2270534
2270635
2270735
2270834
2270935
2271034
2271134
2271235
2271334
2271434
2271534
2271634
2271734
2271834
2271934
2272034
2272134
2272234
2272334
2272434
2272534
2272633
2272734
2272833
2272933
2273034
2273133
2273233
2273334
2273433
2273533
2273633
2273733
2273833
2273933
2274033
2274134
2274233
2274333
2274433
2274533
2274633
2274733
2274833
2274932
2275033
2275133
2275232
2275333
2275432
2275532
2275633
2275732
2275832
2275932
2276032
2276132
2276232
2276332
2276432
2276532
2276632
2276731
2276832
2276932
2277031
2277132
2277231
2277331
2277432
2277531
2277632
2277732
2277831
2277932
2278031
2278131
2278232
2278331
2278431
2278531
2278631
2278731
2278831
2278931
2279030
2279131
2279231
2279330
2279431
2279531
2279630
2279731
2279830
2279930
2280031
2280130
2280230
2280330
2280430
2280530
2280630
2280730
2280830
2280930
2281030
2281129
2281230
2281330
2281430
2281530
2281629
2281730
2281830
2281929
2282030
2282129
2282229
2282330
2282429
2282529
2282630
2282729
2282829
2282929
2283029
2283129
2283229
2283329
2283428
2283529
2283629
2283728
2283829
2283929
2284028
2284129
2284228
2284328
2284429
2284528
2284628
2284728
2284828
2284929
2285028
2285128
2285229
2285328
2285428
2285528
2285628
2285728
2285828
2285928
2286027
2286128
2286228
2286327
2286428
2286527
2286629
2286728
2286827
2286927
2287028
2287127
2287227
2287327
2287427
2287527
2287627
2287727
2287826
2287927
2288027
2288126
2288227
2288327
2288427
2288527
2288626
2288727
2288827
2288926
2289027
2289126
2289226
2289327
2289426
2289529
2289626
2289726
2289826
2289926
2290026
2290126
2290226
2290326
2290425
2290526
2290627
2290725
2290826
2290925
2291025
2291126
2291225
2291325
2291426
2291525
2291625
2291728
2291825
2291926
2292025
2292125
2292225
2292325
2292425
2292525
2292625
2292725
2292825
2292925
2293024
2293125
2293225
2293324
2293425
2293524
2293624
2293725
2293824
2293924
2294024
2294124
2294224
2294324
2294424
2294523
2294624
2294724
2294823
2294924
2295024
2295123
2295224
2295323
2295424
2295524
2295623
2295724
2295823
2295923
2296024
2296123
2296223
2296324
2296423
2296523
2296623
2296723
2296823
2296923
2297023
2297123
2297223
2297323
2297422
2297523
2297623
2297722
2297823
2297922
2298022
2298123
2298222
2298322
2298422
2298522
2298622
2298722
2298822
2298921
2299022
2299122
2299222
2299322
2299422
2299524
2299622
2299721
2299822
2299922
2300021
2300122
2300221
2300321
2300422
2300521
2300722
2300821
2300921
2301021
2301121
2301221
2301321
2301421
2301520
2301627
2301721
2301820
2301921
2302020
2302120
2302221
2302320
2302420
2302521
2302620
2302721
2302820
2302920
2303021
2303120
2303220
2303320
2303420
2303520
2303620
2303720
2303820
2303920
2304020
2304119
2304220
2304320
2304419
2304520
2304619
2304719
2304820
2304919
2305019
2305120
2305219
2305319
2305419
2305519
2305619
2305719
2305819
2305918
2306019
2306119
2306219
2306319
2306418
2306522
2306619
2306718
2306819
2306919
2307018
2307119
2307218
2307318
2307419
2307518
2307618
2307718
2307818
2307918
2308018
2308118
2308218
2308318
2308418
2308517
2308618
2308718
2308817
2308918
2309018
2309117
2309218
2309317
2309422
2309518
2309617
2309718
2309817
2309917
2310018
2310117
2310217
2310317
2310417
2310517
2310617
2310717
2310816
2310917
2311017
2311116
2311217
2311317
2311416
2311517
2311616
2311716
2311817
2311916
2312016
2312116
2312216
2312316
2312417
2312516
2312616
2312716
2312816
2312915
2313016
2313116
2313216
2313316
2313415
2313516
2313616
2313715
2313816
2313915
2314015
2314116
2314215
2314315
2314416
2314515
2314615
2314715
2314815
2314915
2315015
2315115
2315215
2315315
2315415
2315514
2315615
2315714
2315814
2315915
2316014
2316114
2316215
2316314
2316431
2316514
2316614
2316715
2316814
2316914
2317015
2317114
2317214
2317314
2317414
2317514
2317614
2317813
2317914
2318014
2318113
2318214
2318313
2318413
2318519
2318613
2318713
2318814
2318913
2319013
2319113
2319213
2319313
2319413
2319513
2319613
2319713
2319813
2319912
2320013
2320113
2320212
2320313
2320412
2320513
2320613
2320712
2320813
2320912
2321012
2321113
2321212
2321312
2321413
2321512
2321612
2321712
2321812
2321912
2322012
2322112
2322211
2322312
2322412
2322515
2322612
2322711
2322811
2322912
2323011
2323111
2323212
2323311
2323411
2323511
2323611
2323712
2323811
2323911
2324011
2324111
2324211
2324311
2324411
2324512
2324611
2324711
2324810
2324911
2325011
2325110
2325211
2325310
2325415
2325511
2325610
2325710
2325810
2325910
2326010
2326110
2326210
2326310
2326410
2326510
2326609
2326710
2326810
2326909
2327010
2327109
2327209
2327310
2327409
2327513
2327610
2327709
2327810
2327909
2328009
2328110
2328209
2328309
2328409
2328509
2328609
2328709
2328809
2328908
2329009
2329109
2329208
2329309
2329409
2329508
2329609
2329708
2329808
2329909
2330008
2330108
2330208
2330308
2330408
2330508
2330608
2330708
2330808
2330908
2331008
2331108
2331208
2331308
2331408
2331507
2331608
2331708
2331807
2331908
2332008
2332107
2332208
2332307
2332407
2332508
2332607
2332707
2332807
2332907
2333007
2333107
2333207
2333306
2333407
2333507
2333606
2333707
2333807
2333906
2334007
2334106
2334206
2334307
2334406
2334507
2334607
2334706
2334807
2334906
2335006
2335107
2335206
2335306
2335406
2335506
2335606
2335706
2335806
2335905
2336006
2336106
2336205
2336306
2336406
2336505
2336606
2336705
2336805
2336906
2337005
2337105
2337205
2337305
2337405
2337505
2337605
2337704
2337805
2337905
2338004
2338105
2338205
2338305
2338405
2338504
2338625
2338705
2338804
2339104
2339205
2339304
2339404
2339505
2339604
2339704
2339804
2339904
2340004
2340104
2340204
2340303
2340404
2340504
2340603
2340704
2340903
2341004
2341103
2341203
2341304
2341403
2341504
2341603
2341703
2341804
2341903
2342003
2342103
2342203
2342303
2342403
2342503
2342607
2342703
2342803
2342902
2343003
2343103
2343202
2343303
2343407
2343502
2343603
2343702
2343802
2343903
2344002
2344102
2344202
2344302
2344402
2344502
2344602
2344701
2344802
2344902
2345001
2345102
2345202
2345302
2345402
2345501
2345602
2345702
2345801
2345902
2346001
2346101
2346202
2346301
2346401
2346503
2346601
2346701
2346801
2346901
2347001
2347101
2347201
2347300
2347401
2347501
2347600
2347701
2347800
2347900
2348001
2348100
2348200
2348300
2348400
2348500
2348600
2348700
2348801
2348900
2349000
2349100
2349200
2349300
2349400
2349500
2349600
2349700
2349800
2349899
2350000
2350100
2350199
2350300
2350400
2350499
2350600
2350699
2350799
2350900
2350999
2351099
2351199
2351299
2351399
2351499
2351599
2351698
2351803
2351899
2351998
2352099
2352199
2352299
2352399
2352498
2352599
2352699
2352798
2352899
2352998
2353098
2353199
2353298
2353398
2353498
2353598
2353698
2353798
2353898
2353998
2354098
2354198
2354297
2354398
2354498
2354597
2354698
2354798
2354897
2354998
2355097
2355197
2355298
2355397
2355497
2355597
2355697
2355798
2355897
2355997
2356097
2356197
2356297
2356397
2356596
2356697
2356797
2356896
2356997
2357096
2357196
2357297
2357396
2357557
2357600
2357696
2357796
2357896
2357996
2358096
2358196
2358296
2358403
2358496
2358596
2358695
2358896
2358995
2359096
2359195
2359296
2359399
2359495
2359596
2359695
2359795
2359896
2359995
2360095
2360295
2360395
2360495
2360595
2360695
2360795
2360895
2360994
2361095
2361195
2361294
2361395
2361495
2361594
2361695
2361794
2361894
2361995
2362094
2362194
2362294
2362394
2362494
2362594
2362694
2362795
2362894
2362994
2363094
2363194
2363294
2363394
2363534
2363596
2363694
2363794
2363893
2363994
2364093
2364193
2364294
2364393
2364493
2364594
2364693
2364793
2364893
2364993
2365093
2365193
2365293
2365392
2365493
2365593
2365692
2365793
2365893
2365992
2366093
2366192
2366292
2366393
2366492
2366597
2366692
2366792
2366893
2366992
2367092
2367192
2367292
2367392
2367492
2367592
2367692
2367792
2367892
2367991
2368092
2368192
2368291
2368392
2368492
2368593
2368692
2368791
2368891
2368992
2369091
2369191
2369291
2369391
2369491
2369594
2369691
2369790
2369891
2369991
2370091
2370191
2370291
2370391
2370491
2370590
2370691
2370791
2370890
2370991
2371090
2371190
2371291
2371390
2371490
2371591
2371690
2371790
2371890
2371990
2372090
2372190
2372290
2372389
2372492
2372590
2372689
2372790
2372889
2372989
2373090
2373189
2373289
2373390
2373489
2373590
2373689
2373789
2373890
2373989
2374089
2374190
2374289
2374389
2374489
2374589
2374689
2374789
2374889
2374988
2375089
2375189
2375288
2375389
2375493
2375588
2375689
2375788
2375888
2375989
2376088
2376188
2376288
2376388
2376488
2376588
2376688
2376790
2376888
2376988
2377088
2377188
2377288
2377392
2377488
2377587
2377688
2377788
2377887
2377988
2378087
2378187
2378288
2378387
2378487
2378588
2378687
2378787
2378887
2378987
2379087
2379187
2379287
2379386
2379487
2379587
2379686
2379787
2379886
2379986
2380087
2380186
2380286
2380387
2380486
2380587
2380686
2380786
2380887
2380986
2381086
2381186
2381286
2381386
2381486
2381586
2381686
2381786
2381886
2381985
2382086
2382186
2382285
2382386
2382485
2382585
2382686
2382785
2382885
2382986
2383085
2383185
2383285
2383385
2383485
2383585
2383685
2383784
2383885
2383985
2384084
2384185
2384284
2384385
2384485
2384584
2384685
2384785
2384884
2384985
2385084
2385184
2385285
2385384
2385484
2385585
2385684
2385784
2385884
2385984
2386084
2386184
2386284
2386383
2386484
2386584
2386683
2386784
2386883
2386983
2387084
2387183
2387283
2387384
2387483
2387587
2387683
2387783
2387884
2387983
2388083
2388184
2388283
2388383
2388483
2388583
2388683
2388783
2388883
2388982
2389083
2389183
2389282
2389383
2389482
2389582
2389683
2389782
2389882
2389983
2390082
2390182
2390282
2390382
2390482
2390582
2390682
2390781
2390882
2390982
2391081
2391182
2391282
2391384
2391482
2391581
2391682
2391782
2391881
2391982
2392081
2392181
2392282
2392381
2392481
2392581
2392681
2392781
2392881
2392981
2393081
2393181
2393281
2393380
2393481
2393581
2393680
2393781
2393880
2393980
2394081
2394180
2394280
2394381
2394480
2394580
2394680
2394780
2394881
2394980
2395080
2395180
2395280
2395380
2395480
2395580
2395679
2395780
2395880
2395979
2396080
2396180
2396279
2396380
2396479
2396579
2396680
2396779
2396879
2396980
2397079
2397179
2397279
2397379
2397479
2397579
2397679
2397778
2397879
2397979
2398078
2398179
2398278
2398379
2398479
2398578
2398679
2398779
2398878
2398979
2399078
2399178
2399279
2399378
2399478
2399579
2399678
2399778
2399878
2399978
2400078
2400178
2400278
2400377
2400478
2400578
2400677
2400778
2400877
2400977
2401078
2401177
2401277
2401377
2401477
2401577
2401679
2401777
2401878
2401977
2402077
2402177
2402277
2402377
2402477
2402577
2402676
2402777
2402877
2402976
2403077
2403177
2403276
2403377
2403476
2403576
2403677
2403776
2403876
2403976
2404076
2404176
2404276
2404379
2404476
2404576
2404676
2404775
2404876
2404976
2405075
2405176
2405275
2405376
2405488
2405575
2405676
2405776
2405875
2405976
2406075
2406175
2406276
2406375
2406475
2406576
2406676
2406775
2406875
2406975
2407075
2407175
2407275
2407374
2407475
2407575
2407674
2407775
2407874
2407974
2408075
2408174
2408274
2408375
2408474
2408574
2408674
2408774
2408875
2408974
2409074
2409174
2409274
2409374
2409474
2409574
2409674
2409774
2409874
2409973
2410074
2410174
2410273
2410374
2410473
2410573
2410674
2410773
2410873
2410973
2411073
2411173
2411273
2411373
2411473
2411573
2411673
2411772
2411873
2411973
2412072
2412173
2412273
2412372
2412473
2412572
2412673
2412773
2412872
2412973
2413072
2413172
2413273
2413372
2413472
2413572
2413672
2413772
2413872
2413972
2414072
2414172
2414272
2414371
2414472
2414572
2414671
2414772
2414871
2414971
2415072
2415171
2415271
2415371
2415471
2415571
2415671
2415771
2415872
2415971
2416071
2416171
2416271
2416371
2416471
2416571
2416671
2416771
2416871
2416970
2417071
2417171
2417270
2417371
2417470
2417570
2417671
2417770
2417870
2417970
2418070
2418170
2418270
2418370
2418470
2418570
2418670
2418769
2418870
2418970
2419069
2419170
2419269
2419369
2419470
2419569
2419670
2419770
2419869
2419970
2420069
2420169
2420270
2420369
2420469
2420569
2420669
2420769
2420869
2420969
2421069
2421169
2421269
2421368
2421469
2421569
2421769
2421868
2421968
2422069
2422168
2422268
2422369
2422468
2422573
2422668
2422768
2422868
2422968
2423068
2423168
2423268
2423368
2423468
2423568
2423668
2423768
2423868
2423967
2424068
2424168
2424267
2424368
2424467
2424567
2424668
2424767
2424867
2424967
2425067
2425167
2425267
2425367
2425467
2425567
2425667
2425766
2425867
2425967
2426066
2426167
2426267
2426366
2426467
2426566
2426667
2426767
2426866
2426967
2427066
2427166
2427267
2427366
2427466
2427566
2427666
2427766
2427866
2427966
2428066
2428166
2428266
2428365
2428466
2428566
2428665
2428766
2428865
2428965
2429066
2429165
2429265
2429365
2429465
2429565
2429665
2429765
2429865
2429965
2430065
2430164
2430265
2430365
2430465
2430567
2430665
2430765
2430865
2430964
2431065
2431165
2431264
2431365
2431464
2431564
2431665
2431764
2431864
2432064
2432164
2432264
2432364
2432464
2432564
2432664
2432763
2432864
2432964
2433063
2433164
2433264
2433363
2433464
2433563
2433664
2433764
2433863
2433964
2434063
2434163
2434264
2434363
2434463
2434563
2434663
2434763
2434863
2434963
2435062
2435163
2435263
2435362
2435463
2435563
2435662
2435763
2435862
2435962
2436063
2436162
2436262
2436363
2436462
2436562
2436662
2436762
2436862
2436962
2437062
2437163
2437262
2437366
2437462
2437562
2437662
2437762
2437862
2437961
2438062
2438162
2438261
2438362
2438461
2438561
2438662
2438761
2438861
2438962
2439061
2439161
2439261
2439362
2439461
2439561
2439661
2439760
2439861
2439961
2440060
2440161
2440261
2440360
2440461
2440560
2440660
2440761
2440860
2440961
2441060
2441160
2441261
2441360
2441460
2441560
2441760
2441860
2441960
2442060
2442160
2442260
2442359
2442460
2442560
2442659
2442760
2442859
2442959
2443060
2443159
2443259
2443360
2443459
2443564
2443659
2443759
2443859
2443959
2444059
2444158
2444259
2444359
2444459
2444559
2444659
2444759
2444859
2444958
2445059
2445159
2445258
2445359
2445458
2445558
2445659
2445758
2445858
2445959
2446058
2446158
2446258
2446358
2446458
2446558
2446658
2446757
2446858
2446958
2447057
2447158
2447258
2447357
2447458
2447557
2447657
2447758
2447857
2448057
2448157
2448258
2448362
2448457
2448558
2448657
2448757
2448857
2448957
2449057
2449157
2449257
2449356
2449457
2449557
2449656
2449757
2449857
2449956
2450057
2450156
2450256
2450357
2450456
2450556
2450656
2450756
2450856
2450956
2451056
2451156
2451256
2451356
2451456
2451556
2451656
2451756
2451856
2451955
2452056
2452156
2452255
2452356
2452455
2452555
2452656
2452755
2452855
2452956
2453055
2453155
2453255
2453355
2453455
2453555
2453655
2453754
2453855
2453955
2454054
2454155
2454255
2454358
2454455
2454554
2454654
2454755
2454854
2454955
2455054
2455154
2455255
2455354
2455454
2455555
2455654
2455754
2455854
2455954
2456054
2456154
2456254
2456358
2456454
2456554
2456653
2456754
2456854
2456953
2457054
2457153
2457253
2457354
2457453
2457553
2457653
2457753
2457853
2457953
2458053
2458153
2458253
2458353
2458452
2458553
2458653
2458753
2458853
2458952
2459053
2459153
2459252
2459353
2459453
2459552
2459653
2459752
2459852
2459953
2460052
2460152
2460252
2460352
2460452
2460552
2460652
2460751
2460852
2460952
2461051
2461152
2461252
2461351
2461452
2461551
2461651
2461752
2461851
2461952
2462051
2462151
2462252
2462351
2462451
2462552
2462651
2462751
2462851
2462951
2463051
2463151
2463251
2463353
2463451
2463551
2463650
2463751
2463851
2463950
2464051
2464150
2464250
2464351
2464450
2464550
2464650
2464750
2464850
2464950
2465050
2465150
2465250
2465350
2465449
2465550
2465650
2465750
2465850
2465949
2466050
2466150
2466249
2466350
2466450
2466560
2466650
2466749
2466851
2466950
2467049
2467149
2467249
2467350
2467449
2467549
2467649
2467749
2467849
2467949
2468048
2468149
2468249
2468350
2468449
2468548
2468648
2468749
2468848
2468948
2469049
2469148
2469249
2469348
2469448
2469549
2469648
2469748
2469848
2469948
2470048
2470148
2470248
2470347
2470448
2470548
2470647
2470748
2470848
2470947
2471048
2471147
2471247
2471348
2471447
2471547
2471648
2471747
2471847
2471947
2472047
2472147
2472247
2472347
2472446
2472547
2472647
2472747
2472847
2472946
2473047
2473147
2473246
2473347
2473447
2473546
2473647
2473746
2473846
2473947
2474046
2474146
2474246
2474346
2474449
2474646
2474746
2474846
2474946
2475045
2475146
2475246
2475345
2475446
2475547
2475645
2475746
2475845
2475945
2476046
2476145
2476246
2476345
2476445
2476546
2476645
2476745
2476846
2476945
2477045
2477145
2477245
2477345
2477445
2477545
2477644
2477745
2477845
2477944
2478045
2478144
2478244
2478345
2478444
2478544
2478645
2478844
2478944
2479044
2479144
2479244
2479344
2479449
2479544
2479644
2479744
2479844
2479944
2480044
2480144
2480243
2480344
2480444
2480543
2480644
2480743
2480843
2480944
2481043
2481143
2481244
2481343
2481443
2481544
2481647
2481743
2481843
2481943
2482043
2482143
2482243
2482342
2482443
2482547
2482642
2482743
2482842
2482942
2483043
2483142
2483243
2483343
2483442
2483543
2483642
2483742
2483843
2483942
2484042
2484142
2484242
2484342
2484442
2484543
2484641
2484742
2484842
2484941
2485042
2485141
2485241
2485342
2485441
2485541
2485642
2485741
2485841
2485941
2486041
2486141
2486241
2486341
2486441
2486543
2486641
2486740
2486841
2486941
2487041
2487141
2487240
2487341
2487441
2487540
2487641
2487740
2487840
2487941
2488040
2488140
2488241
2488344
2488440
2488540
2488640
2488740
2488840
2488940
2489039
2489140
2489240
2489339
2489440
2489540
2489639
2489740
2489839
2489939
2490040
2490139
2490240
2490339
2490439
2490540
2490639
2490739
2490840
2490939
2491039
2491139
2491239
2491339
2491439
2491539
2491639
2491739
2491839
2491938
2492039
2492139
2492238
2492339
2492438
2492538
2492639
2492738
2492838
2492939
2493038
2493138
2493238
2493338
2493438
2493538
2493638
2493737
2493838
2493938
2494038
2494138
2494237
2494338
2494438
2494537
2494638
2494738
2494837
2494938
2495037
2495137
2495238
2495337
2495437
2495538
2495637
2495737
2495837
2495937
2496037
2496137
2496237
2496336
2496437
2496537
2496636
2496737
2496836
2496936
2497037
2497136
2497236
2497337
2497436
2497537
2497636
2497736
2497837
2497936
2498036
2498136
2498236
2498336
2498442
2498536
2498636
2498736
2498836
2498935
2499036
2499136
2499235
2499336
2499435
2499535
2499636
2499735
2499835
2499936
2500035
2500135
2500235
2500335
2500435
2500535
2500635
2500734
2500835
2500935
2501035
2501135
2501235
2501335
2501435
2501534
2501635
2501735
2501834
2501935
2502034
2502134
2502235
2502334
2502434
2502535
2502634
2502734
2502834
2502934
2503034
2503134
2503234
2503333
2503436
2503534
2503633
2503734
2503834
2503933
2504034
2504133
2504233
2504334
2504433
2504534
2504633
2504733
2504834
2504933
2505033
2505134
2505233
2505333
2505458
2505533
2505633
2505733
2505833
2505932
2506033
2506133
2506232
2506333
2506433
2506532
2506633
2506732
2506832
2506933
2507032
2507132
2507232
2507332
2507432
2507536
2507632
2507732
2507832
2507932
2508032
2508132
2508232
2508332
2508432
2508531
2508632
2508732
2508831
2508932
2509031
2509131
2509232
2509331
2509431
2509532
2509631
2509731
2509831
2509931
2510031
2510131
2510231
2510330
2510431
2510531
2510630
2510731
2510831
2510930
2511031
2511130
2511230
2511336
2511430
2511531
2511630
2511730
2511831
2511930
2512030
2512131
2512230
2512330
2512430
2512530
2512630
2512730
2512830
2512930
2513030
2513130
2513229
2513330
2513430
2513529
2513630
2513729
2513829
2513930
2514029
2514129
2514229
2514329
2514429
2514529
2514629
2514729
2514829
2514929
2515028
2515129
2515229
2515329
2515429
2515529
2515629
2515729
2515828
2515929
2516029
2516128
2516229
2516328
2516428
2516529
2516628
2516728
2516828
2516928
2517028
2517128
2517228
2517328
2517428
2517528
2517627
2517728
2517828
2517927
2518028
2518127
2518227
2518328
2518427
2518528
2518628
2518727
2518828
2518927
2519027
2519128
2519227
2519327
2519428
2519527
2519627
2519727
2519827
2519927
2520027
2520127
2520226
2520327
2520427
2520526
2520627
2520726
2520826
2520927
2521026
2521126
2521227
2521326
2521426
2521529
2521631
2521726
2521826
2521926
2522025
2522126
2522226
2522326
2522426
2522526
2522626
2522726
2522825
2522926
2523026
2523125
2523226
2523325
2523425
2523526
2523625
2523725
2523826
2523925
2524025
2524125
2524225
2524325
2524425
2524525
2524625
2524725
2524825
2524924
2525025
2525125
2525224
2525325
2525424
2525524
2525625
2525724
2525825
2525924
2526024
2526125
2526224
2526324
2526425
2526524
2526624
2526724
2526824
2526924
2527024
2527124
2527224
2527328
2527424
2527523
2527624
2527724
2527823
2527924
2528023
2528123
2528224
2528323
2528423
2528524
2528623
2528723
2528823
2528923
2529024
2529123
2529223
2529323
2529423
2529523
2529623
2529723
2529822
2529923
2530023
2530122
2530223
2530323
2530422
2530523
2530622
2530722
2530823
2530922
2531022
2531122
2531222
2531322
2531422
2531527
2531624
2531722
2531822
2531921
2532022
2532122
2532221
2532322
2532421
2532521
2532622
2532721
2532822
2532922
2533021
2533122
2533221
2533321
2533422
2533521
2533621
2533721
2533821
2533921
2534021
2534121
2534221
2534328
2534421
2534520
2534621
2534721
2534820
2534921
2535020
2535120
2535221
2535320
2535420
2535521
2535620
2535720
2535820
2535920
2536020
2536120
2536220
2536320
2536420
2536520
2536624
2536720
2536820
2536920
2537020
2537119
2537220
2537320
2537419
2537520
2537620
2537719
2537820
2537919
2538019
2538120
2538219
2538319
2538419
2538519
2538619
2538719
2538819
2538918
2539019
2539119
2539218
2539319
2539419
2539523
2539619
2539718
2539819
2539919
2540018
2540119
2540218
2540318
2540419
2540520
2540618
2540719
2540818
2540918
2541018
2541118
2541218
2541318
2541418
2541518
2541618
2541718
2541817
2541918
2542018
2542117
2542218
2542317
2542417
2542518
2542617
2542717
2542817
2542917
2543017
2543117
2543217
2543318
2543417
2543517
2543617
2543717
2543817
2543917
2544017
2544116
2544217
2544317
2544416
2544517
2544617
2544716
2544817
2544916
2545016
2545117
2545216
2545316
2545416
2545517
2545616
2545716
2545816
2545916
2546016
2546116
2546215
2546321
2546416
2546515
2546616
2546715
2546816
2547015
2547116
2547216
2547315
2547416
2547515
2547615
2547716
2547815
2547915
2548015
2548115
2548215
2548315
2548415
2548515
2548615
2548715
2548814
2548915
2549015
2549114
2549215
2549315
2549414
2549515
2549614
2549714
2549815
2549914
2550014
2550114
2550214
2550315
2550414
2550516
2550614
2550714
2550814
2550914
2551014
2551114
2551214
2551314
2551413
2551514
2551614
2551713
2551814
2551914
2552013
2552114
2552213
2552313
2552414
2552513
2552613
2552713
2552813
2552913
2553013
2553113
2553213
2553314
2553413
2553512
2553613
2553713
2553812
2553913
2554012
2554113
2554213
2554312
2554413
2554513
2554612
2554713
2554812
2554912
2555013
2555112
2555212
2555312
2555412
2555514
2555612
2555712
2555812
2555912
2556012
2556111
2556212
2556312
2556411
2556515
2556611
2556711
2556812
2556911
2557011
2557112
2557211
2557312
2557411
2557511
2557612
2557711
2557811
2557911
2558011
2558111
2558211
2558311
2558410
2558511
2558611
2558710
2558811
2559010
2559111
2559210
2559310
2559411
2559510
2559610
2559710
2559810
2559910
2560010
2560110
2560210
2560310
2560410
2560509
2560610
2560710
2560809
2560910
2561009
2561110
2561210
2561309
2561410
2561510
2561609
2561710
2561809
2561909
2562010
2562109
2562209
2562310
2562409
2562510
2562609
2562709
2562809
2562909
2563009
2563108
2563209
2563309
2563408
2563511
2563608
2563708
2563809
2563908
2564008
2564109
2564208
2564308
2564408
2564508
2564609
2564708
2564808
2564908
2565008
2565108
2565208
2565313
2565408
2565508
2565608
2565707
2565808
2565908
2566007
2566108
2566207
2566307
2566408
2566507
2566607
2566708
2566811
2566907
2567007
2567107
2567207
2567307
2567412
2567507
2567607
2567707
2567806
2567907
2568007
2568107
2568207
2568307
2568407
2568507
2568606
2568707
2568807
2568906
2569007
2569106
2569206
2569307
2569406
2569506
2569607
2569706
2569806
2569906
2570006
2570106
2570206
2570306
2570405
2570506
2570606
2570705
2570806
2570905
2571005
2571106
2571205
2571305
2571406
2571505
2571606
2571705
2571805
2571906
2572005
2572105
2572206
2572305
2572405
2572505
2572605
2572705
2572805
2572905
2573004
2573105
2573205
2573304
2573405
2573505
2573604
2573705
2573804
2573904
2574005
2574104
2574204
2574304
2574404
2574504
2574604
2574704
2574803
2574904
2575004
2575104
2575204
2575304
2575404
2575504
2575603
2575704
2575804
2575903
2576004
2576103
2576203
2576304
2576403
2576503
2576604
2576703
2576803
2576903
2577003
2577103
2577203
2577303
2577402
2577503
2577603
2577702
2577803
2577903
2578002
2578103
2578202
2578302
2578403
2578502
2578603
2578702
2578903
2579002
2579102
2579203
2579302
2579505
2579602
2579702
2579802
2579902
2580001
2580102
2580202
2580301
2580402
2580502
2580601
2580702
2580801
2580901
2581002
2581101
2581201
2581302
2581401
2581501
2581601
2581701
2581801
2581901
2582001
2582100
2582201
2582301
2582401
2582501
2582600
2582701
2582801
2582900
2583001
2583101
2583200
2583301
2583400
2583500
2583601
2583700
2583800
2583900
2584000
2584100
2584200
2584300
2584400
2584500
2584600
2584699
2584800
2584900
2584999
2585100
2585200
2585299
2585400
2585499
2585600
2585700
2585799
2585900
2585999
2586099
2586200
2586299
2586399
2586504
2586601
2586699
2586799
2586899
2586999
2587099
2587199
2587298
2587399
2587499
2587598
2587699
2587799
2587898
2587999
2588098
2588198
2588299
2588398
2588498
2588598
2588698
2588798
2588898
2588998
2589099
2589198
2589298
2589498
2589598
2589698
2589798
2589897
2589998
2590098
2590197
2590298
2590398
2590507
2590598
2590697
2590797
2590898
2590997
2591097
2591198
2591297
2591397
2591502
2591597
2591697
2591797
2591897
2591996
2592097
2592197
2592296
2592397
2592496
2592596
2592697
2592796
2592897
2592997
2593096
2593197
2593296
2593396
2593497
2593596
2593696
2593796
2593896
2593996
2594096
2594196
2594296
2594396
2594496
2594595
2594696
2594796
2594895
2594996
2595095
2595195
2595296
2595395
2595497
2595596
2595695
2595795
2595895
2595995
2596096
2596195
2596295
2596396
2596495
2596595
2596695
2596795
2596895
2596995
2597095
2597194
2597295
2597395
2597494
2597595
2597695
2597794
2597895
2597994
2598094
2598195
2598294
2598394
2598494
2598594
2598694
2598794
2598894
2598994
2599094
2599205
2599293
2599394
2599494
2599593
2599694
2599793
2599894
2599994
2600093
2600194
2600294
2600393
2600494
2600593
2600693
2600794
2600893
2600997
2601093
2601193
2601293
2601393
2601493
2601593
2601693
2601793
2601892
2601993
2602093
2602192
2602293
2602392
2602492
2602593
2602692
2602792
2602893
2602992
2603092
2603192
2603292
2603393
2603492
2603592
2603692
2603792
2603892
2603992
2604092
2604192
2604292
2604392
2604491
2604592
2604692
2604791
2604892
2604991
2605091
2605192
2605291
2605391
2605492
2605591
2605691
2605791
2605891
2605991
2606091
2606191
2606290
2606391
2606491
2606590
2606691
2606791
2606891
2606991
2607090
2607191
2607291
2607390
2607491
2607591
2607690
2607791
2607890
2607990
2608091
2608190
2608290
2608390
2608490
2608590
2608690
2608790
2608889
2608990
2609090
2609189
2609290
2609390
2609489
2609590
2609689
2609789
2609890
2609989
2610089
2610190
2610289
2610390
2610489
2610589
2610690
2610789
2610889
2610989
2611089
2611189
2611289
2611394
2611489
2611589
2611689
2611788
2611889
2611989
2612088
2612189
2612288
2612388
2612489
2612588
2612688
2612789
2612888
2612993
2613088
2613188
2613288
2613388
2613488
2613587
2613688
2613788
2613888
2613989
2614088
2614188
2614288
2614387
2614488
2614588
2614687
2614788
2614888
2614987
2615088
2615187
2615287
2615388
2615487
2615587
2615687
2615787
2615887
2616004
2616087
2616186
2616287
2616387
2616486
2616587
2616687
2616786
2616887
2616986
2617086
2617187
2617286
2617387
2617486
2617586
2617687
2617786
2617886
2617987
2618086
2618186
2618286
2618386
2618486
2618586
2618686
2618785
2618886
2618986
2619085
2619186
2619286
2619385
2619486
2619585
2619685
2619786
2619885
2619985
2620085
2620185
2620285
2620385
2620485
2620585
2620685
2620785
2620884
2620985
2621085
2621185
2621285
2621384
2621490
2621585
2621684
2621785
2621885
2621984
2622085
2622184
2622284
2622385
2622484
2622584
2622684
2622784
2622884
2622984
2623084
2623184
2623284
2623384
2623483
2623584
2623684
2623783
2623884
2623983
2624083
2624184
2624283
2624384
2624484
2624583
2624684
2624783
2624883
2624984
2625083
2625183
2625283
2625383
2625483
2625583
2625683
2625783
2625883
2625983
2626082
2626183
2626283
2626382
2626483
2626583
2626682
2626783
2626882
2626982
2627083
2627182
2627282
2627382
2627485
2627582
2627682
2627782
2627883
2627982
2628082
2628182
2628286
2628382
2628482
2628582
2628681
2628782
2628882
2628981
2629082
2629182
2629281
2629382
2629481
2629581
2629682
2629781
2629881
2629981
2630081
2630181
2630283
2630381
2630481
2630681
2630780
2630881
2630981
2631080
2631181
2631280
2631380
2631481
2631589
2631681
2631781
2631880
2631981
2632080
2632180
2632286
2632380
2632480
2632580
2632680
2632780
2632880
2632980
2633080
2633180
2633280
2633379
2633480
2633580
2633679
2633780
2633880
2633979
2634080
2634179
2634279
2634380
2634479
2634579
2634679
2634779
2634880
2634979
2635079
2635179
2635284
2635379
2635479
2635579
2635679
2635779
2635879
2635979
2636079
2636179
2636278
2636379
2636479
2636578
2636679
2636778
2636878
2636979
2637078
2637178
2637278
2637378
2637484
2637578
2637678
2637778
2637878
2637978
2638077
2638178
2638278
2638377
2638478
2638577
2638678
2638778
2638877
2638978
2639078
2639177
2639278
2639377
2639477
2639578
2639677
2639777
2639878
2639977
2640077
2640177
2640277
2640377
2640477
2640577
2640676
2640777
2640877
2640976
2641077
2641177
2641287
2641377
2641476
2641576
2641677
2641776
2641876
2641976
2642076
2642177
2642276
2642376
2642477
2642576
2642676
2642776
2642876
2642976
2643076
2643176
2643275
2643376
2643476
2643575
2643676
2643776
2643875
2643976
2644075
2644175
2644276
2644375
2644475
2644575
2644675
2644775
2644875
2644975
2645075
2645175
2645275
2645374
2645475
2645575
2645675
2645775
2645874
2645975
2646075
2646174
2646275
2646375
2646474
2646575
2646674
2646774
2646875
2646974
2647074
2647174
2647274
2647374
2647474
2647574
2647674
2647774
2647874
2647973
2648074
2648174
2648273
2648374
2648474
2648573
2648674
2648773
2648873
2648974
2649073
2649174
2649273
2649373
2649479
2649573
2649673
2649774
2649873
2649973
2650073
2650173
2650273
2650373
2650473
2650572
2650673
2650773
2650872
2650973
2651072
2651172
2651275
2651372
2651472
2651573
2651672
2651772
2651872
2651972
2652072
2652172
2652272
2652372
2652472
2652572
2652672
2652772
2652872
2652972
2653072
2653171
2653471
2653572
2653672
2653771
2653872
2653971
2654071
2654172
2654271
2654371
2654471
2654571
2654671
2654771
2654871
2654971
2655071
2655171
2655270
2655371
2655471
2655570
2655671
2655771
2655870
2655971
2656070
2656171
2656271
2656370
2656471
2656570
2656670
2656776
2656870
2656970
2657070
2657170
2657270
2657370
2657470
2657570
2657670
2657770
2657869
2657970
2658070
2658169
2658270
2658369
2658469
2658570
2658669
2658769
2658870
2658969
2659069
2659169
2659269
2659369
2659469
2659569
2659670
2659769
2659869
2659969
2660069
2660169
2660269
2660369
2660469
2660569
2660669
2660768
2660869
2660969
2661068
2661169
2661268
2661368
2661469
2661570
2661671
2661768
2661868
2661968
2662068
2662168
2662268
2662368
2662468
2662567
2662668
2662768
2662867
2662968
2663067
2663168
2663268
2663367
2663468
2663568
2663667
2663768
2663867
2663967
2664068
2664167
2664267
2664367
2664467
2664567
2664667
2664767
2664867
2664967
2665067
2665166
2665267
2665367
2665466
2665567
2665667
2665766
2665867
2665966
2666066
2666167
2666266
2666366
2666467
2666566
2666667
2666766
2666866
2666967
2667066
2667166
2667266
2667366
2667466
2667566
2667666
2667765
2667866
2667966
2668065
2668166
2668266
2668365
2668466
2668565
2668665
2668766
2668865
2668965
2669065
2669165
2669265
2669365
2669465
2669565
2669665
2669765
2669864
2669965
2670065
2670164
2670265
2670364
2670469
2670565
2670664
2670765
2670865
2670964
2671164
2671264
2671365
2671464
2671564
2671665
2671764
2671864
2671964
2672064
2672164
2672264
2672364
2672463
2672564
2672664
2672763
2672864
2672964
2673063
2673164
2673263
2673363
2673464
2673563
2673664
2673763
2673863
2673964
2674063
2674163
2674264
2674363
2674467
2674563
2674663
2674763
2674863
2674963
2675062
2675163
2675263
2675362
2675463
2675662
2675763
2675862
2675962
2676063
2676162
2676267
2676362
2676462
2676562
2676662
2676762
2676862
2676962
2677062
2677161
2677262
2677362
2677462
2677562
2677661
2677762
2677862
2677961
2678062
2678162
2678261
2678362
2678462
2678561
2678662
2678761
2678861
2678962
2679061
2679161
2679266
2679361
2679461
2679561
2679661
2679760
2679861
2679961
2680060
2680161
2680261
2680360
2680461
2680560
2680660
2680761
2680860
2680961
2681060
2681160
2681261
2681360
2681460
2681561
2681660
2681760
2681860
2681960
2682060
2682160
2682260
2682359
2682461
2682560
2682659
2682760
2682860
2682959
2683060
2683159
2683259
2683360
2683459
2683559
2683659
2683759
2683859
2683959
2684059
2684160
2684259
2684359
2684459
2684559
2684659
2684759
2684859
2684959
2685059
2685159
2685262
2685359
2685459
2685558
2685659
2685758
2685858
2685959
2686058
2686158
2686259
2686358
2686458
2686558
2686658
2686758
2686858
2686958
2687057
2687158
2687258
2687357
2687458
2687558
2687657
2687758
2687857
2687958
2688058
2688157
2688258
2688357
2688457
2688558
2688657
2688757
2688858
2688957
2689057
2689157
2689257
2689357
2689457
2689557
2689656
2689757
2689857
2689956
2690057
2690157
2690256
2690357
2690456
2690556
2690657
2690756
2690856
2690956
2691056
2691156
2691256
2691356
2691457
2691556
2691656
2691756
2691856
2691956
2692056
2692156
2692256
2692356
2692456
2692555
2692656
2692756
2692855
2692956
2693055
2693155
2693256
2693355
2693455
2693556
2693655
2693755
2693855
2693955
2694055
2694155
2694255
2694354
2694455
2694555
2694654
2694755
2694855
2694955
2695055
2695154
2695256
2695355
2695454
2695555
2695655
2695754
2695855
2695954
2696054
2696155
2696254
2696354
2696454
2696554
2696654
2696754
2696854
2696953
2697054
2697154
2697253
2697354
2697454
2697553
2697654
2697753
2697853
2697954
2698053
2698153
2698254
2698353
2698454
2698553
2698653
2698754
2698853
2698953
2699053
2699153
2699255
2699353
2699453
2699553
2699653
2699753
2699852
2699953
2700053
