900140
900182
900282
900382
900482
900582
900681
900782
900882
900981
901082
901181
901281
901382
901481
901581
901682
901781
901881
901981
902081
902181
902281
902381
902480
902581
902681
902780
902881
902980
903080
903181
903280
903380
903480
903580
903681
903780
903880
903981
904080
904180
904280
904380
904480
904580
904680
904779
904880
904980
905079
905180
905280
905379
905480
905579
905679
905780
905879
905979
906079
906179
906279
906379
906479
906578
906679
906779
906878
906979
907078
907179
907279
907378
907479
907579
907678
907779
907878
907978
908079
908178
908278
908378
908478
908578
908678
908778
908877
908978
909078
909177
909278
909378
909477
909578
909677
909777
909878
909980
910077
910177
910277
910377
910477
910577
910676
910777
910877
910977
911077
911177
911277
911377
911476
911577
911677
911776
911877
911976
912081
912177
912276
912376
912476
912576
912676
912776
912876
912976
913076
913176
913275
913376
913476
913575
913676
913775
913875
913976
914075
914176
914275
914375
914476
914575
914675
914775
914875
914977
915075
915175
915275
915375
915475
915574
915675
915775
915874
915975
916074
916174
916275
916374
916474
916574
916674
916774
916874
916974
917073
917174
917274
917373
917474
917574
917673
917774
917873
917974
918074
918173
918274
918373
918473
918574
918673
918773
918873
918973
919073
919173
919273
919373
919473
919573
919672
919773
919873
919972
920076
920172
920272
920373
920472
920572
920673
920772
920872
920972
921072
921171
921272
921372
921472
921572
921672
921772
921872
921971
922072
922172
922271
922372
922471
922571
922672
922771
922871
922971
923071
923171
923271
923371
923471
923571
923671
923770
923871
923971
924070
924171
924270
924370
924471
924570
924670
924770
924870
924978
925070
925170
925271
925370
925470
925570
925670
925770
925870
925970
926069
926170
926270
926369
926470
926569
926669
926770
926869
926969
927070
927169
927269
927369
927469
927569
927669
927769
927868
927969
928069
928168
928269
928369
928468
928569
928668
928769
928868
928968
929069
929168
929268
929369
929468
929568
929668
929768
929868
929970
930068
930167
930268
930368
930467
930568
930667
930767
930868
930967
931067
931168
931267
931367
931467
931567
931667
931767
931867
931966
932067
932167
932267
932367
932466
932567
932667
932867
932966
933066
933167
933266
933366
933467
933566
933666
933766
933866
933966
934066
934166
934266
934366
934466
934565
934666
934766
934865
934966
935066
935165
935266
935365
935465
935565
935665
935766
935865
936065
936165
936265
936365
936465
936564
936665
936765
936864
936965
937065
937164
937265
937364
937464
937565
937664
937764
937864
937964
938064
938164
938264
938363
938464
938564
938663
938764
938863
938963
939064
939163
939264
939364
939463
939564
939663
939763
939864
939967
940063
940163
940263
940363
940463
940563
940662
940763
940863
940962
941063
941163
941262
941363
941462
941562
941663
941762
941862
941962
942067
942162
942262
942362
942461
942562
942662
942761
942862
942962
943062
943162
943261
943362
943462
943561
943662
943761
943861
943962
944061
944161
944261
944361
944461
944561
944661
944761
944861
944963
945060
945161
945261
945360
945461
945560
945660
945761
945860
945960
946060
946160
946260
946360
946460
946561
946660
946760
946860
946960
947060
947160
947260
947359
947460
947560
947659
947760
947859
947959
948060
948159
948259
948359
948459
948559
948659
948759
948859
948959
949059
949158
949259
949359
949458
949559
949658
949758
949859
949962
950059
950158
950258
950359
950458
950558
950658
950758
950858
950958
951058
951158
951258
951358
951457
951558
951658
951757
951858
951957
952057
952158
952257
952357
952458
952557
952657
952757
952857
952957
953057
953157
953256
953357
953457
953556
953657
953756
953857
953957
954056
954157
954257
954356
954457
954556
954656
954757
954856
954956
955060
955156
955256
955356
955456
955555
955656
955756
955855
955956
956055
956155
956256
956355
956455
956556
956655
956755
956855
956955
957056
957155
957255
957355
957455
957555
957655
957755
957854
957955
958055
958154
958255
958354
958454
958555
958654
958754
958855
958954
959054
959154
959254
959354
959454
959554
959653
959754
959854
959953
960055
960153
960253
960354
960453
960553
960653
960753
960854
960953
961053
961154
961253
961353
961453
961553
961653
961753
961853
961952
962053
962153
962252
962353
962453
962552
962653
962752
962852
962953
963052
963152
963252
963352
963452
963552
963652
963751
963852
963952
964051
964152
964251
964352
964452
964551
964652
964752
964851
964952
965052
965151
965252
965351
965451
965551
965651
965751
965851
965951
966050
966151
966251
966350
966451
966551
966650
966751
966850
966950
967051
967150
967250
967350
967450
967550
967650
967750
967849
967950
968050
968150
968250
968350
968450
968550
968649
968750
968850
968949
969050
969149
969249
969350
969449
969549
969650
969749
969849
969954
970049
970148
970249
970349
970448
970549
970649
970748
970849
970948
971048
971149
971248
971348
971448
971548
971649
971748
971848
971948
972048
972148
972248
972348
972447
972548
972648
972747
972848
972948
973047
973148
973247
973347
973448
973547
973647
973747
973847
973947
974047
974147
974247
974347
974447
974546
974647
974747
974846
974947
975051
975147
975247
975346
975447
975546
975646
975747
975846
975946
976047
976146
976246
976346
976446
976546
976646
976746
976845
976946
977046
977145
977246
977345
977445
977546
977645
977745
977845
977945
978045
978145
978245
978344
978445
978545
978644
978745
978845
978945
979045
979144
979245
979345
979444
979545
979644
979845
979948
980044
980144
980244
980344
980444
980544
980643
980744
980844
980943
981044
981144
981243
981344
981443
981543
981644
981743
981843
981943
982043
982144
982243
982343
982444
982543
982643
982743
982843
982943
983043
983143
983242
983343
983443
983542
983643
983742
983842
983943
984047
984142
984243
984342
984442
984542
984642
984742
984842
984944
985041
985142
985242
985341
985442
985541
985641
985742
985841
985942
986041
986141
986242
986341
986441
986542
986641
986741
986841
986941
987041
987141
987241
987340
987441
987541
987640
987741
987840
987940
988041
988140
988240
988341
988440
988540
988640
988740
988840
988940
989040
989139
989240
989340
989440
989540
989640
989740
989840
989939
990042
990139
990239
990340
990439
990539
990640
990739
990839
990939
991039
991139
991239
991339
991438
991539
991639
991738
991839
991939
992038
992139
992238
992338
992439
992538
992638
992738
992838
992939
993038
993138
993238
993338
993438
993538
993638
993737
993838
993938
994037
994138
994238
994337
994438
994537
994637
994738
994837
994937
995041
995137
995237
995337
995437
995536
995637
995737
995836
995937
996036
996136
996237
996336
996436
996537
996636
996737
996836
996936
997037
997136
997236
997336
997436
997536
997636
997736
997835
997936
998036
998135
998236
998336
998435
998536
998635
998735
998836
998935
999035
999135
999235
999335
999435
999535
999634
999735
999835
999940
1000035
1000134
1000235
1000335
1000434
1000535
1000635
1000734
1000835
1000934
1001034
1001135
1001234
1001334
1001434
1001534
1001634
1001734
1001834
1001934
1002034
1002134
1002233
1002334
1002434
1002533
1002634
1002733
1002833
1002934
1003033
1003133
1003233
1003333
1003433
1003533
1003633
1003732
1003833
1003933
1004033
1004133
1004233
1004333
1004433
1004532
1004633
1004733
1004832
1004933
1005032
1005132
1005233
1005332
1005432
1005532
1005632
1005732
1005832
1005932
1006031
1006132
1006232
1006331
1006432
1006532
1006631
1006732
1006831
1006931
1007032
1007131
1007232
1007331
1007431
1007532
1007631
1007731
1007831
1007931
1008031
1008131
1008231
1008331
1008431
1008531
1008630
1008731
1008831
1008930
1009031
1009130
1009230
1009331
1009430
1009530
1009630
1009730
1009830
1009932
1010030
1010129
1010230
1010330
1010429
1010530
1010630
1010729
1010830
1010929
1011030
1011130
1011229
1011330
1011429
1011529
1011630
1011729
1011829
1011929
1012029
1012129
1012229
1012329
1012429
1012529
1012629
1012728
1012829
1012929
1013028
1013129
1013228
1013328
1013429
1013528
1013628
1013728
1013828
1013928
1014028
1014128
1014228
1014328
1014428
1014528
1014628
1014728
1014828
1014928
1015027
1015128
1015228
1015327
1015428
1015527
1015627
1015728
1015827
1015927
1016028
1016127
1016227
1016327
1016427
1016527
1016627
1016727
1016826
1016927
1017027
1017126
1017227
1017326
1017426
1017527
1017626
1017726
1017826
1017926
1018027
1018126
1018226
1018327
1018426
1018526
1018626
1018726
1018826
1018926
1019026
1019125
1019226
1019326
1019425
1019526
1019625
1019725
1019826
1019925
1020025
1020126
1020225
1020325
1020425
1020525
1020625
1020725
1020825
1020924
1021025
1021125
1021224
1021325
1021424
1021524
1021625
1021724
1021825
1021924
1022024
1022125
1022224
1022324
1022425
1022524
1022624
1022724
1022824
1022924
1023024
1023124
1023224
1023324
1023424
1023523
1023624
1023723
1023823
1023924
1024023
1024123
1024224
1024323
1024423
1024523
1024623
1024723
1024823
1024923
1025022
1025123
1025223
1025323
1025423
1025522
1025623
1025723
1025822
1025923
1026027
1026122
1026223
1026322
1026422
1026523
1026622
1026722
1026822
1026922
1027022
1027122
1027222
1027321
1027422
1027522
1027621
1027722
1027821
1027921
1028022
1028121
1028221
1028322
1028421
1028521
1028621
1028721
1028822
1028921
1029121
1029221
1029321
1029421
1029521
1029620
1029721
1029821
1029924
1030021
1030121
1030220
1030321
1030420
1030520
1030621
1030720
1030820
1030920
1031020
1031120
1031220
1031320
1031419
1031520
1031620
1031719
1031820
1031920
1032019
1032120
1032219
1032320
1032420
1032519
1032620
1032719
1032819
1032920
1033019
1033119
1033219
1033319
1033419
1033519
1033619
1033719
1033819
1033919
1034018
1034119
1034219
1034318
1034419
1034518
1034618
1034719
1034818
1034918
1035021
1035118
1035218
1035318
1035418
1035517
1035618
1035718
1035817
1035918
1036017
1036118
1036218
1036317
1036418
1036518
1036617
1036718
1036817
1036917
1037018
1037117
1037217
1037317
1037417
1037517
1037617
1037717
1037817
1037917
1038017
1038116
1038217
1038316
1038416
1038517
1038616
1038716
1038817
1038916
1039016
1039116
1039216
1039316
1039416
1039516
1039616
1039716
1039816
1039918
1040016
1040115
1040216
1040316
1040415
1040516
1040616
1040715
1040816
1040915
1041015
1041116
1041215
1041315
1041415
1041515
1041615
1041715
1041815
1041915
1042015
1042115
1042214
1042315
1042415
1042514
1042615
1042714
1042814
1042915
1043014
1043115
1043215
1043314
1043415
1043514
1043614
1043714
1043814
1043914
1044014
1044114
1044214
1044314
1044414
1044513
1044614
1044714
1044813
1044916
1045013
1045113
1045214
1045313
1045413
1045514
1045613
1045713
1045813
1045913
1046012
1046113
1046213
1046312
1046413
1046513
1046612
1046713
1046812
1046913
1047013
1047213
1047312
1047412
1047513
1047612
1047712
1047812
1047912
1048012
1048112
1048212
1048311
1048412
1048512
1048611
1048712
1048812
1048911
1049012
1049111
1049211
1049312
1049411
1049511
1049611
1049711
1049811
1049911
1050011
1050112
1050211
1050311
1050411
1050511
1050611
1050711
1050811
1050910
1051011
1051111
1051210
1051311
1051410
1051510
1051611
1051710
1051810
1051911
1052010
1052110
1052210
1052310
1052410
1052510
1052610
1052709
1052810
1052910
1053009
1053110
1053209
1053309
1053410
1053509
1053609
1053709
1053809
1053910
1054009
1054109
1054210
1054309
1054409
1054509
1054609
1054709
1054809
1054909
1055012
1055109
1055209
1055308
1055409
1055508
1055608
1055709
1055808
1055908
1056008
1056108
1056208
1056308
1056408
1056508
1056608
1056708
1056807
1056908
1057008
1057107
1057208
1057307
1057408
1057508
1057607
1057708
1057807
1057907
1058008
1058107
1058207
1058308
1058407
1058507
1058607
1058707
1058807
1058907
1059007
1059106
1059207
1059307
1059406
1059507
1059607
1059706
1059807
1059906
1060012
1060106
1060206
1060306
1060406
1060506
1060606
1060706
1060806
1060905
1061006
1061106
1061206
1061306
1061405
1061506
1061606
1061705
1061806
1061905
1062005
1062106
1062205
1062305
1062406
1062505
1062605
1062705
1062805
1062905
1063005
1063105
1063204
1063305
1063405
1063504
1063605
1063705
1063804
1063905
1064004
1064104
1064205
1064304
1064404
1064504
1064604
1064705
1064804
1064906
1065004
1065104
1065204
1065304
1065404
1065503
1065604
1065704
1065803
1065904
1066003
1066103
1066204
1066303
1066403
1066504
1066603
1066703
1066803
1066903
1067003
1067103
1067203
1067302
1067403
1067503
1067602
1067703
1067802
1067902
1068008
1068102
1068203
1068302
1068402
1068503
1068602
1068702
1068803
1068902
1069002
1069102
1069202
1069302
1069402
1069502
1069601
1069702
1069802
1069904
1070002
1070101
1070201
1070302
1070401
1070501
1070602
1070701
1070801
1070901
1071001
1071101
1071201
1071301
1071400
1071501
1071601
1071700
1071801
1071900
1072001
1072101
1072200
1072301
1072400
1072500
1072601
1072700
1072800
1072901
1073000
1073100
1073200
1073300
1073400
1073500
1073600
1073699
1073800
1073900
1073999
1074100
1074200
1074299
1074400
1074499
1074599
1074700
1074799
1074906
1074999
1075099
1075200
1075299
1075399
1075499
1075599
1075699
1075799
1075899
1075998
1076099
1076199
1076298
1076399
1076498
1076598
1076699
1076798
1076898
1076999
1077098
1077198
1077298
1077398
1077498
1077598
1077698
1077797
1077898
1077998
1078097
1078198
1078297
1078397
1078498
1078597
1078697
1078798
1078897
1078998
1079097
1079197
1079298
1079397
1079497
1079597
1079697
1079797
1079897
1079997
1080097
1080197
1080297
1080396
1080497
1080597
1080696
1080797
1080896
1080996
1081097
1081196
1081296
1081396
1081496
1081596
1081696
1081796
1081895
1081996
1082096
1082195
1082296
1082396
1082496
1082596
1082695
1082796
1082896
1082995
1083096
1083195
1083295
1083396
1083495
1083595
1083695
1083795
1083895
1083995
1084095
1084194
1084295
1084395
1084494
1084595
1084695
1084794
1084897
1084994
1085094
1085195
1085294
1085394
1085494
1085594
1085694
1085794
1085894
1085993
1086094
1086194
1086294
1086394
1086493
1086594
1086694
1086793
1086894
1086994
1087093
1087194
1087293
1087393
1087494
1087593
1087693
1087793
1087893
1087993
1088093
1088193
1088293
1088393
1088493
1088592
1088693
1088793
1088892
1088997
1089092
1089192
1089293
1089392
1089492
1089592
1089692
1089793
1089892
1089995
1090092
1090192
1090292
1090392
1090492
1090592
1090692
1090792
1090891
1090992
1091092
1091191
1091292
1091391
1091491
1091592
1091691
1091791
1091891
1091991
1092091
1092191
1092291
1092390
1092491
1092591
1092690
1092791
1092891
1092990
1093091
1093190
1093291
1093391
1093490
1093591
1093690
1093790
1093891
1093990
1094090
1094190
1094290
1094390
1094490
1094590
1094690
1094790
1094891
1094989
1095090
1095190
1095289
1095390
1095489
1095589
1095690
1095789
1095889
1095989
1096089
1096189
1096289
1096389
1096488
1096589
1096689
1096788
1096889
1096989
1097089
1097189
1097288
1097389
1097489
1097588
1097689
1097788
1097888
1097989
1098088
1098188
1098288
1098388
1098488
1098588
1098788
1098888
1098988
1099087
1099188
1099288
1099387
1099488
1099587
1099687
1099788
1099890
1099987
1100087
1100187
1100288
1100387
1100487
1100587
1100687
1100787
1100887
1100987
1101087
1101187
1101287
1101386
1101487
1101587
1101686
1101787
1101887
1101986
1102087
1102186
1102286
1102386
1102486
1102586
1102686
1102786
1102886
1102986
1103086
1103185
1103286
1103386
1103485
1103586
1103685
1103785
1103886
1103985
1104086
1104186
1104285
1104386
1104485
1104585
1104685
1104785
1104885
1104988
1105085
1105185
1105285
1105385
1105484
1105585
1105685
1105784
1105885
1105984
1106084
1106185
1106284
1106384
1106484
1106584
1106684
1106784
1106884
1106984
1107084
1107184
1107283
1107384
1107484
1107584
1107684
1107783
1107884
1107984
1108083
1108184
1108283
1108383
1108484
1108583
1108683
1108784
1108883
1108983
1109083
1109183
1109283
1109383
1109483
1109582
1109683
1109783
1109882
1109983
1110082
1110182
1110283
1110382
1110482
1110582
1110682
1110782
1110882
1110982
1111083
1111182
1111282
1111382
1111482
1111582
1111682
1111782
1111881
1111987
1112082
1112181
1112282
1112381
1112481
1112582
1112681
1112781
1112882
1112981
1113081
1113181
1113281
1113381
1113481
1113581
1113680
1113781
1113881
1113980
1114081
1114181
1114280
1114381
1114480
1114580
1114681
1114883
1114980
1115080
1115181
1115380
1115480
1115580
1115680
1115780
1115880
1115980
1116080
1116180
1116279
1116380
1116479
1116579
1116680
1116779
1116879
1116980
1117079
1117179
1117279
1117379
1117479
1117579
1117679
1117778
1117879
1117979
1118078
1118179
1118278
1118379
1118479
1118578
1118679
1118779
1118878
1118979
1119078
1119178
1119279
1119378
1119478
1119578
1119678
1119778
1119882
1119978
1120078
1120178
1120278
1120377
1120478
1120577
1120677
1120778
1120877
1120977
1121078
1121177
1121277
1121377
1121477
1121577
1121677
1121777
1121876
1121977
1122077
1122177
1122277
1122376
1122477
1122577
1122676
1122777
1122876
1122976
1123077
1123176
1123276
1123377
1123476
1123576
1123676
1123776
1123876
1123976
1124076
1124176
1124276
1124376
1124475
1124576
1124675
1124775
1124979
1125075
1125176
1125275
1125376
1125475
1125575
1125676
1125775
1125875
1125975
1126075
1126175
1126275
1126375
1126474
1126575
1126675
1126774
1126875
1126975
1127074
1127175
1127274
1127374
1127475
1127574
1127674
1127774
1127874
1127974
1128074
1128174
1128273
1128374
1128474
1128573
1128674
1128773
1128873
1128974
1129073
1129174
1129274
1129373
1129474
1129573
1129673
1129774
1129875
1129973
1130073
1130173
1130273
1130373
1130473
1130572
1130673
1130773
1130872
1130973
1131073
1131172
1131273
1131372
1131472
1131573
1131672
1131772
1131872
1131972
1132072
1132172
1132272
1132371
1132472
1132572
1132672
1132772
1132872
1132977
1133072
1133171
1133272
1133372
1133471
1133572
1133671
1133771
1133872
1133971
1134071
1134172
1134271
1134371
1134471
1134571
1134670
1134771
1134873
1134970
1135071
1135171
1135270
1135371
1135470
1135570
1135671
1135770
1135870
1135970
1136070
1136171
1136270
1136370
1136470
1136570
1136670
1136770
1136870
1136969
1137070
1137269
1137370
1137470
1137569
1137670
1137769
1137869
1137970
1138069
1138169
1138269
1138369
1138469
1138569
1138669
1138768
1138869
1138969
1139068
1139169
1139269
1139368
1139469
1139568
1139668
1139769
1139875
1139969
1140068
1140168
1140269
1140368
1140468
1140568
1140668
1140768
1140868
1140968
1141068
1141168
1141268
1141367
1141468
1141568
1141667
1141768
1141867
1141967
1142068
1142167
1142267
1142367
1142467
1142567
1142667
1142767
1142866
1142967
1143067
1143166
1143267
1143367
1143467
1143567
1143666
1143767
1143870
1143966
1144067
1144166
1144266
1144367
1144466
1144566
1144666
1144766
1144868
1144966
1145066
1145166
1145266
1145366
1145465
1145566
1145666
1145765
1145866
1145965
1146065
1146166
1146265
1146365
1146465
1146565
1146665
1146765
1146865
1146966
1147065
1147165
1147265
1147365
1147465
1147565
1147665
1147764
1147865
1147965
1148064
1148165
1148264
1148364
1148465
1148564
1148664
1148765
1148864
1148964
1149064
1149164
1149263
1149364
1149464
1149563
1149664
1149764
1149865
1149964
1150063
1150163
1150264
1150363
1150464
1150563
1150663
1150764
1150863
1150963
1151064
1151163
1151263
1151363
1151463
1151563
1151663
1151763
1151862
1151963
1152063
1152162
1152263
1152362
1152462
1152563
1152662
1152762
1152863
1152962
1153062
1153162
1153262
1153361
1153462
1153562
1153661
1153762
1153862
1153961
1154062
1154161
1154262
1154362
1154461
1154562
1154661
1154761
1154863
1154961
1155061
1155162
1155261
1155361
1155461
1155561
1155661
1155761
1155861
1155960
1156061
1156161
1156260
1156460
1156560
1156661
1156760
1156860
1156960
1157060
1157160
1157260
1157360
1157460
1157560
1157660
1157760
1157860
1157960
1158060
1158160
1158259
1158360
1158460
1158559
1158660
1158759
1158859
1158960
1159059
1159159
1159259
1159359
1159459
1159559
1159659
1159759
1159860
1159959
1160058
1160159
1160259
1160358
1160459
1160558
1160658
1160759
1160858
1160958
1161058
1161158
1161259
1161358
1161458
1161559
1161658
1161758
1161858
1161958
1162058
1162158
1162258
1162357
1162458
1162558
1162657
1162758
1162857
1162957
1163058
1163157
1163257
1163358
1163457
1163557
1163657
1163757
1163857
1163957
1164057
1164156
1164257
1164357
1164456
1164557
1164656
1164756
1164857
1164960
1165057
1165156
1165256
1165357
1165456
1165556
1165656
1165756
1165856
1165956
1166156
1166256
1166356
1166455
1166556
1166656
1166755
1166856
1166955
1167055
1167156
1167255
1167355
1167456
1167555
1167655
1167755
1167855
1167955
1168055
1168155
1168254
1168355
1168455
1168555
1168655
1168754
1168855
1168955
1169054
1169155
1169254
1169354
1169455
1169554
1169654
1169755
1169854
1169956
1170054
1170154
1170254
1170354
1170454
1170553
1170654
1170754
1170853
1170954
1171053
1171153
1171254
1171353
1171453
1171554
1171653
1171753
1171853
1171953
1172054
1172153
1172253
1172353
1172453
1172553
1172653
1172753
1172852
1172953
1173053
1173152
1173253
1173352
1173452
1173553
1173652
1173752
1173853
1173952
1174052
1174152
1174252
1174352
1174452
1174552
1174651
1174752
1174852
1174951
1175052
1175151
1175251
1175352
1175451
1175552
1175651
1175751
1175852
1175951
1176051
1176152
1176251
1176351
1176451
1176551
1176651
1176751
1176851
1176955
1177051
1177151
1177250
1177351
1177451
1177550
1177651
1177750
1177850
1177950
1178050
1178150
1178250
1178350
1178450
1178550
1178650
1178749
1178850
1178950
1179049
1179150
1179249
1179350
1179450
1179549
1179650
1179749
1179855
1179950
1180049
1180149
1180250
1180349
1180449
1180549
1180649
1180749
1180849
1180949
1181048
1181149
1181249
1181348
1181449
1181548
1181648
1181749
1181848
1181948
1182049
1182148
1182248
1182348
1182448
1182548
1182648
1182748
1182848
1182948
1183048
1183148
1183248
1183347
1183448
1183548
1183647
1183748
1183847
1183947
1184048
1184147
1184247
1184348
1184447
1184547
1184647
1184747
1184847
1184947
1185047
1185146
1185247
1185347
1185446
1185547
1185647
1185746
1185847
1185946
1186046
1186147
1186246
1186347
1186446
1186546
1186647
1186746
1186846
1186946
1187046
1187146
1187246
1187346
1187446
1187546
1187646
1187745
1187846
1187945
1188045
1188146
1188245
1188345
1188446
1188545
1188645
1188745
1188845
1188945
1189045
1189145
1189244
1189345
1189445
1189544
1189645
1189744
1189844
1189945
1190044
1190145
1190244
1190344
1190445
1190544
1190644
1190745
1190844
1190944
1191044
1191144
1191244
1191344
1191444
1191543
1191644
1191744
1191843
1191944
1192043
1192143
1192244
1192343
1192443
1192544
1192643
1192743
1192843
1192943
1193043
1193143
1193243
1193342
1193443
1193543
1193643
1193743
1193842
1193943
1194043
1194142
1194243
1194343
1194442
1194543
1194642
1194742
1194845
1194942
1195042
1195142
1195242
1195342
1195442
1195542
1195641
1195742
1195842
1195941
1196042
1196142
1196241
1196342
1196441
1196541
1196642
1196741
1196841
1196941
1197041
1197142
1197241
1197341
1197441
1197541
1197641
1197741
1197844
1197940
1198041
1198141
1198240
1198341
1198440
1198540
1198641
1198740
1198840
1198941
1199040
1199140
1199240
1199340
1199440
1199540
1199640
1199739
1199842
1199940
1200039
1200140
1200239
1200339
1200440
1200539
1200640
1200740
1200839
1200940
1201039
1201139
1201240
1201339
1201439
1201539
1201639
1201739
1201839
1201939
1202038
1202139
1202239
1202338
1202439
1202539
1202638
1202739
1202838
1202938
1203039
1203138
1203238
1203338
1203438
1203538
1203638
1203738
1203838
1203938
1204038
1204137
1204238
1204337
1204438
1204538
1204637
1204738
1204838
1204937
1205038
1205137
1205237
1205338
1205437
1205537
1205637
1205737
1205837
1205937
1206037
1206136
1206237
1206337
1206436
1206537
1206637
1206736
1206837
1206936
1207036
1207137
1207236
1207336
1207436
1207536
1207636
1207736
1207836
1207936
1208036
1208136
1208236
1208336
1208435
1208536
1208636
1208735
1208836
1208936
1209035
1209136
1209235
1209335
1209436
1209535
1209635
1209735
1209836
1209935
1210035
1210135
1210234
1210335
1210435
1210534
1210635
1210735
1210834
1210935
1211034
1211134
1211235
1211334
1211435
1211534
1211634
1211735
1211834
1211934
1212034
1212134
1212234
1212334
1212434
1212533
1212634
1212734
1212833
1212934
1213034
1213133
1213234
1213333
1213433
1213534
1213633
1213733
1213833
1213933
1214033
1214136
1214332
1214433
1214533
1214632
1214733
1214832
1214932
1215033
1215132
1215233
1215333
1215432
1215533
1215632
1215732
1215833
1215932
1216032
1216132
1216232
1216332
1216432
1216532
1216631
1216732
1216832
1216931
1217032
1217132
1217231
1217332
1217431
1217531
1217632
1217731
1217831
1217931
1218031
1218131
1218231
1218331
1218430
1218531
1218631
1218731
1218831
1218931
1219031
1219131
1219230
1219331
1219431
1219530
1219631
1219730
1219830
1219931
1220030
1220130
1220230
1220330
1220430
1220530
1220630
1220729
1220830
1220930
1221029
1221130
1221230
1221329
1221430
1221529
1221629
1221730
1221829
1221929
1222029
1222129
1222230
1222329
1222429
1222529
1222629
1222729
1222829
1222929
1223028
1223129
1223229
1223328
1223429
1223529
1223628
1223729
1223828
1223928
1224029
1224128
1224228
1224328
1224428
1224528
1224628
1224728
1224827
1224928
1225028
1225127
1225228
1225328
1225427
1225528
1225627
1225728
1225828
1225927
1226028
1226127
1226227
1226328
1226427
1226527
1226627
1226727
1226827
1226927
1227027
1227127
1227227
1227327
1227426
1227527
1227627
1227726
1227827
1227926
1228026
1228127
1228226
1228326
1228426
1228526
1228626
1228726
1228826
1228926
1229026
1229126
1229225
1229326
1229426
1229526
1229626
1229725
1229826
1229926
1230025
1230126
1230225
1230325
1230426
1230525
1230625
1230725
1230825
1230925
1231025
1231125
1231224
1231325
1231425
1231524
1231625
1231725
1231824
1231925
1232024
1232124
1232225
1232324
1232424
1232524
1232624
1232724
1232824
1232924
1233025
1233124
1233224
1233324
1233424
1233524
1233624
1233724
1233823
1233924
1234024
1234123
1234224
1234323
1234423
1234524
1234623
1234723
1234823
1234923
1235023
1235123
1235223
1235323
1235423
1235523
1235622
1235723
1235823
1235922
1236023
1236122
1236222
1236323
1236422
1236523
1236622
1236722
1236823
1236922
1237022
1237122
1237222
1237322
1237422
1237522
1237622
1237722
1237822
1237921
1238022
1238122
1238221
1238322
1238421
1238521
1238622
1238721
1238821
1238921
1239021
1239121
1239221
1239321
1239421
1239521
1239621
1239720
1239821
1239921
1240020
1240121
1240220
1240321
1240421
1240520
1240621
1240720
1240820
1240921
1241020
1241120
1241220
1241320
1241420
1241520
1241620
1241720
1241820
1241920
1242019
1242120
1242220
1242319
1242420
1242519
1242619
1242720
1242819
1242919
1243019
1243119
1243219
1243319
1243419
1243518
1243619
1243719
1243819
1243919
1244019
1244219
1244318
1244419
1244519
1244618
1244719
1244818
1244918
1245019
1245118
1245218
1245318
1245418
1245518
1245618
1245718
1245818
1245918
1246018
1246117
1246218
1246318
1246417
1246518
1246617
1246717
1246818
1246917
1247017
1247118
1247217
1247318
1247417
1247517
1247617
1247717
1247817
1247917
1248017
1248117
1248217
1248317
1248416
1248517
1248617
1248716
1248817
1248916
1249016
1249117
1249216
1249316
1249416
1249516
1249616
1249716
1249816
1249916
1250016
1250116
1250215
1250316
1250416
1250515
1250616
1250715
1250816
1250916
1251015
1251116
1251215
1251315
1251416
1251515
1251615
1251715
1251815
1251915
1252015
1252115
1252215
1252315
1252415
1252514
1252615
1252715
1252814
1252915
1253014
1253114
1253215
1253314
1253414
1253514
1253614
1253714
1253814
1253914
1254013
1254114
1254214
1254313
1254414
1254514
1254614
1254714
1254813
1254914
1255014
1255113
1255214
1255313
1255413
1255514
1255613
1255713
1255813
1255913
1256013
1256113
1256213
1256313
1256413
1256513
1256612
1256713
1256813
1256912
1257013
1257112
1257212
1257313
1257412
1257512
1257612
1257712
1257812
1257912
1258012
1258113
1258212
1258312
1258412
1258512
1258612
1258712
1258812
1258911
1259012
1259112
1259211
1259312
1259411
1259511
1259612
1259711
1259811
1259911
1260011
1260111
1260211
1260311
1260411
1260511
1260611
1260710
1260811
1260911
1261010
1261111
1261210
1261310
1261411
1261510
1261611
1261710
1261810
1261911
1262010
1262110
1262210
1262310
1262410
1262510
1262610
1262710
1262810
1262910
1263009
1263110
1263210
1263309
1263410
1263509
1263609
1263710
1263809
1263909
1264009
1264109
1264209
1264309
1264409
1264508
1264609
1264709
1264808
1264909
1265009
1265108
1265209
1265308
1265409
1265509
1265608
1265709
1265808
1265908
1266009
1266108
1266208
1266308
1266408
1266508
1266608
1266708
1266808
1266908
1267008
1267107
1267208
1267308
1267407
1267508
1267607
1267707
1267808
1267907
1268007
1268107
1268207
1268307
1268407
1268507
1268608
1268707
1268807
1268907
1269007
1269107
1269207
1269307
1269406
1269507
1269607
1269706
1269807
1269906
1270006
1270107
1270206
1270306
1270406
1270506
1270606
1270706
1270806
1270906
1271006
1271106
1271205
1271306
1271406
1271505
1271606
1271705
1271805
1271906
1272005
1272105
1272206
1272305
1272406
1272505
1272605
1272705
1272805
1272905
1273005
1273105
1273205
1273305
1273405
1273504
1273605
1273705
1273804
1273905
1274004
1274104
1274205
1274304
1274404
1274504
1274604
1274704
1274804
1274904
1275004
1275104
1275204
1275303
1275404
1275504
1275603
1275704
1275803
1275904
1276004
1276103
1276204
1276303
1276403
1276504
1276603
1276703
1276804
1276903
1277003
1277103
1277203
1277303
1277403
1277503
1277602
1277703
1277803
1277902
1278003
1278102
1278202
1278303
1278402
1278502
1278602
1278702
1278802
1278902
1279002
1279102
1279202
1279302
1279401
1279502
1279602
1279702
1279802
1279901
1280002
1280102
1280201
1280302
1280401
1280501
1280602
1280701
1280806
1280901
1281001
1281101
1281201
1281301
1281401
1281501
1281601
1281700
1281801
1281901
1282000
1282101
1282200
1282300
1282401
1282500
1282600
1282700
1282804
1282900
1283000
1283100
1283200
1283300
1283400
1283500
1283600
1283700
1283800
1283900
1283999
1284100
1284200
1284299
1284400
1284499
1284599
1284700
1284804
1284899
1284999
1285099
1285199
1285299
1285399
1285499
1285599
1285699
1285798
1285899
1285999
1286098
1286199
1286298
1286398
1286499
1286598
1286699
1286799
1286898
1287098
1287198
1287299
1287398
1287498
1287598
1287698
1287802
1287898
1287998
1288097
1288198
1288298
1288397
1288498
1288597
1288697
1288798
1288897
1288997
1289098
1289197
1289297
1289397
1289497
1289597
1289697
1289800
1289896
1289997
1290097
1290196
1290297
1290396
1290497
1290597
1290696
1290797
1290896
1290996
1291196
1291296
1291396
1291496
1291596
1291696
1291798
1291896
1291996
1292096
1292195
1292296
1292396
1292495
1292596
1292695
1292800
1292896
1292995
1293095
1293195
1293295
1293395
1293495
1293595
1293696
1293795
1293895
1293995
1294095
1294195
1294295
1294395
1294494
1294595
1294695
1294794
1294895
1294994
1295094
1295195
1295294
1295394
1295494
1295594
1295694
1295798
1295894
1295994
1296094
1296194
1296293
1296394
1296494
1296593
1296694
1296796
1296893
1296994
1297093
1297193
1297293
1297393
1297494
1297593
1297693
1297796
1297893
1297993
1298093
1298193
1298293
1298393
1298493
1298592
1298693
1298793
1298892
1298993
1299092
1299192
1299293
1299392
1299492
1299593
1299692
1299792
1299892
1299992
1300092
1300192
1300292
1300391
1300492
1300592
1300691
1300792
1300891
1300992
1301092
1301191
1301292
1301391
1301491
1301592
1301691
1301791
1301892
1301991
1302091
1302191
1302291
1302391
1302491
1302591
1302690
1302791
1302891
1302990
1303091
1303190
1303290
1303391
1303490
1303590
1303690
1303790
1303890
1303990
1304090
1304190
1304290
1304390
1304489
1304590
1304690
1304790
1304890
1304989
1305090
1305190
1305289
1305390
1305489
1305589
1305690
1305789
1305889
1305989
1306089
1306189
1306289
1306389
1306489
1306589
1306689
1306795
1306889
1306989
1307088
1307189
1307288
1307388
1307489
1307588
1307688
1307788
1307888
1307988
1308088
1308188
1308289
1308388
1308488
1308588
1308688
1308788
1308888
1308988
1309087
1309188
1309288
1309387
1309488
1309588
1309687
1309788
1309887
1309987
1310088
1310187
1310287
1310387
1310487
1310587
1310687
1310787
1310886
1310987
1311087
1311186
1311287
1311386
1311486
1311587
1311686
1311787
1311887
1311986
1312087
1312186
1312286
1312387
1312486
1312586
1312686
1312786
1312886
1312986
1313086
1313185
1313286
1313386
1313485
1313586
1313685
1313785
1313886
1313985
1314085
1314185
1314285
1314385
1314485
1314585
1314685
1314785
1314885
1314984
1315085
1315185
1315284
1315385
1315484
1315585
1315685
1315784
1315885
1315985
1316084
1316185
1316284
1316384
1316485
1316584
1316684
1316784
1316884
1316984
1317084
1317184
1317283
1317384
1317484
1317583
1317684
1317783
1317883
1317984
1318083
1318183
1318283
1318383
1318483
1318583
1318683
1318784
1318883
1318983
1319083
1319183
1319283
1319383
1319483
1319582
1319683
1319783
1319882
1319983
1320082
1320182
1320283
1320382
1320482
1320582
1320682
1320782
1320882
1320982
1321082
1321182
1321282
1321381
1321482
1321582
1321681
1321782
1321881
1321981
1322082
1322181
1322281
1322381
1322481
1322582
1322681
1322781
1322882
1322981
1323081
1323181
1323282
1323381
1323481
1323581
1323680
1323781
1323881
1323980
1324081
1324180
1324280
1324381
1324480
1324580
1324681
1324780
1324880
1324980
1325080
1325180
1325280
1325380
1325479
1325580
1325680
1325779
1325880
1325979
1326080
1326180
1326279
1326380
1326480
1326579
1326680
1326779
1326879
1326980
1327079
1327179
1327279
1327379
1327479
1327579
1327679
1327778
1327979
1328078
1328179
1328278
1328378
1328479
1328578
1328678
1328778
1328878
1328978
1329078
1329178
1329278
1329378
1329478
1329577
1329678
1329778
1329878
1329978
1330078
1330178
1330278
1330377
1330478
1330577
1330677
1330778
1330877
1330977
1331078
1331177
1331277
1331377
1331477
1331577
1331677
1331777
1331876
1331977
1332077
1332176
1332277
1332376
1332476
1332577
1332676
1332776
1332876
1332976
1333076
1333176
1333276
1333377
1333476
1333576
1333676
1333781
1333976
1334076
1334176
1334276
1334376
1334475
1334576
1334675
1334775
1334876
1334975
1335075
1335176
1335275
1335375
1335475
1335575
1335675
1335775
1335875
1335974
1336075
1336175
1336274
1336375
1336474
1336574
1336675
1336774
1336875
1336974
1337074
1337175
1337274
1337374
1337475
1337574
1337674
1337774
1337874
1337974
1338074
1338174
1338273
1338374
1338474
1338573
1338674
1338773
1338873
1338974
1339073
1339173
1339274
1339373
1339473
1339573
1339673
1339773
1339873
1339973
1340072
1340173
1340273
1340473
1340572
1340673
1340773
1340872
1340973
1341072
1341172
1341273
1341372
1341472
1341573
1341672
1341772
1341872
1341972
1342072
1342172
1342272
1342371
1342472
1342572
1342671
1342772
1342872
1342971
1343072
1343171
1343271
1343371
1343471
1343571
1343671
1343771
1343872
1343971
1344071
1344171
1344271
1344371
1344471
1344571
1344670
1344771
1344871
1344970
1345071
1345170
1345270
1345371
1345470
1345570
1345670
1345770
1345870
1345970
1346070
1346170
1346270
1346370
1346469
1346570
1346670
1346769
1346870
1346969
1347069
1347170
1347269
1347369
1347469
1347569
1347670
1347769
1347869
1347970
1348069
1348169
1348269
1348369
1348469
1348569
1348669
1348768
1348869
1348969
1349068
1349169
1349269
1349368
1349469
1349568
1349668
1349768
1349868
1349968
1350068
1350168
1350268
1350368
1350468
1350567
1350668
1350768
1350867
1350968
1351067
1351168
1351268
1351367
1351468
1351567
1351667
1351768
1351867
1351967
1352068
1352167
1352267
1352367
1352467
1352567
1352667
1352767
1352866
1352967
1353067
1353166
1353267
1353366
1353466
1353567
1353666
1353766
1353866
1353966
1354066
1354166
1354266
1354366
1354466
1354566
1354665
1354766
1354866
1354966
1355066
1355165
1355266
1355366
1355465
1355566
1355666
1355765
1355866
1355965
1356065
1356165
1356265
1356365
1356465
1356565
1356665
1356765
1356865
1356964
1357065
1357165
1357264
1357365
1357464
1357564
1357665
1357764
1357864
1357965
1358064
1358164
1358264
1358364
1358465
1358564
1358664
1358764
1358964
1359064
1359164
1359263
1359364
1359464
1359563
1359664
1359763
1359863
1359964
1360063
1360163
1360263
1360363
1360463
1360563
1360663
1360763
1360863
1360963
1361062
1361163
1361263
1361362
1361463
1361562
1361662
1361763
1361862
1361963
1362062
1362162
1362263
1362362
1362462
1362563
1362662
1362762
1362862
1362962
1363062
1363162
1363262
1363361
1363462
1363562
1363661
1363762
1363861
1363961
1364062
1364161
1364261
1364362
1364461
1364561
1364661
1364761
1364861
1364961
1365061
1365160
1365261
1365361
1365460
1365561
1365660
1365761
1365861
1365960
1366061
1366160
1366260
1366361
1366460
1366560
1366661
1366760
1366860
1366960
1367060
1367160
1367260
1367360
1367459
1367560
1367660
1367759
1367860
1367959
1368059
1368160
1368259
1368359
1368459
1368559
1368659
1368759
1368859
1368958
1369059
1369159
1369259
1369359
1369459
1369559
1369659
1369758
1369859
1369959
1370058
1370159
1370258
1370358
1370459
1370558
1370658
1370759
1370858
1370958
1371058
1371158
1371258
1371358
1371458
1371557
1371658
1371758
1371857
1371958
1372058
1372157
1372258
1372357
1372457
1372557
1372657
1372758
1372857
1372957
1373058
1373157
1373257
1373357
1373457
1373557
1373657
1373757
1373856
1373957
1374057
1374156
1374257
1374356
1374456
1374557
1374656
1374756
1374857
1374956
1375056
1375156
1375256
1375356
1375456
1375556
1375655
1375756
1375856
1375955
1376056
1376155
1376256
1376356
1376455
1376556
1376655
1376755
1376856
1376955
1377055
1377155
1377255
1377355
1377455
1377555
1377655
1377755
1377855
1377954
1378055
1378155
1378254
1378355
1378454
1378554
1378655
1378754
1378854
1378955
1379054
1379154
1379254
1379354
1379454
1379554
1379654
1379753
1379854
1379954
1380054
1380154
1380253
1380354
1380454
1380553
1380654
1380753
1380853
1380954
1381053
1381153
1381253
1381353
1381453
1381553
1381653
1381753
1381853
1381953
1382052
1382153
1382253
1382352
1382453
1382552
1382652
1382753
1382852
1382952
1383052
1383152
1383252
1383352
1383452
1383553
1383652
1383752
1383852
1383952
1384052
1384152
1384252
1384351
1384452
1384552
1384651
1384752
1384851
1384951
1385052
1385151
1385251
1385351
1385451
1385551
1385651
1385751
1385851
1385951
1386051
1386150
1386251
1386351
1386450
1386551
1386650
1386750
1386851
1386950
1387051
1387150
1387250
1387351
1387450
1387550
1387651
1387750
1387850
1387950
1388050
1388150
1388250
1388350
1388449
1388550
1388650
1388749
1388850
1388949
1389049
1389150
1389249
1389349
1389450
1389649
1389749
1389849
1389949
1390049
1390149
1390248
1390349
1390449
1390548
1390649
1390748
1390849
1390949
1391048
1391149
1391248
1391348
1391449
1391548
1391648
1391749
1391848
1391948
1392048
1392148
1392248
1392348
1392448
1392547
1392648
1392748
1392847
1392948
1393048
1393147
1393248
1393347
1393447
1393547
1393647
1393747
1393847
1393947
1394048
1394147
1394247
1394347
1394447
1394547
1394647
1394747
1394846
1394947
1395047
1395146
1395247
1395346
1395446
1395547
1395646
1395746
1395846
1395946
1396046
1396146
1396246
1396346
1396446
1396546
1396645
1396746
1396846
1396945
1397046
1397145
1397245
1397346
1397445
1397545
1397645
1397745
1397846
1397945
1398045
1398146
1398245
1398345
1398445
1398545
1398645
1398745
1398845
1398944
1399045
1399145
1399244
1399345
1399444
1399544
1399645
1399744
1399844
1399945
1400044
1400144
1400244
1400344
1400444
1400544
1400644
1400743
1400844
1400944
1401043
1401144
1401243
1401344
1401444
1401543
1401644
1401743
1401843
1401944
1402043
1402143
1402244
1402343
1402443
1402543
1402643
1402743
1402843
1402943
1403042
1403143
1403243
1403342
1403443
1403542
1403642
1403743
1403842
1403942
1404043
1404142
1404242
1404342
1404442
1404542
1404642
1404742
1404841
1404942
1405042
1405142
1405242
1405341
1405442
1405542
1405641
1405742
1405841
1405941
1406042
1406141
1406241
1406342
1406441
1406541
1406641
1406741
1406841
1406941
1407041
1407140
1407241
1407341
1407440
1407541
1407640
1407740
1407841
1407940
1408040
1408141
1408240
1408340
1408440
1408540
1408641
1408740
1408840
1408940
1409040
1409140
1409240
1409340
1409439
1409540
1409640
1409739
1409939
1410039
1410140
1410239
1410339
1410440
1410539
1410639
1410739
1410839
1410939
1411039
1411139
1411238
1411339
1411439
1411538
1411639
1411738
1411838
1411939
1412038
1412139
1412238
1412338
1412439
1412538
1412638
1412741
1412838
1412938
1413038
1413138
1413238
1413338
1413438
1413537
1413638
1413738
1413837
1413938
1414038
1414137
1414238
1414337
1414437
1414538
1414637
1414737
1414837
1414937
1415037
1415137
1415237
1415336
1415437
1415537
1415636
1415737
1415836
1415937
1416037
1416136
1416237
1416337
1416436
1416537
1416636
1416736
1416836
1416936
1417036
1417136
1417236
1417336
1417436
1417536
1417635
1417736
1417836
1417935
1418036
1418135
1418235
1418336
1418435
1418535
1418635
1418735
1418835
1418935
1419035
1419136
1419235
1419335
1419435
1419535
1419635
1419735
1419835
1419934
1420035
1420135
1420234
1420335
1420434
1420534
1420635
1420734
1420834
1420935
1421034
1421134
1421234
1421334
1421434
1421534
1421634
1421733
1421834
1421934
1422033
1422134
1422233
1422333
1422434
1422533
1422633
1422733
1422833
1422934
1423033
1423133
1423234
1423333
1423433
1423533
1423633
1423733
1423833
1423933
1424032
1424133
1424233
1424332
1424433
1424532
1424632
1424733
1424832
1424932
1425032
1425132
1425232
1425332
1425432
1425532
1425632
1425732
1425831
1425932
1426032
1426131
1426232
1426331
1426432
1426532
1426631
1426732
1426831
1426931
1427032
1427131
1427231
1427332
1427431
1427531
1427631
1427731
1427831
1427931
1428031
1428130
1428231
1428331
1428531
1428630
1428730
1428831
1428930
1429030
1429130
1429230
1429330
1429430
1429530
1429630
1429730
1429830
1429929
1430030
1430130
1430230
1430330
1430429
1430530
1430630
1430729
1430830
1430929
1431029
1431130
1431229
1431329
1431429
1431529
1431629
1431729
1431829
1431929
1432029
1432129
1432228
1432329
1432429
1432528
1432629
1432728
1432929
1433028
1433128
1433228
1433328
1433428
1433528
1433628
1433728
1433828
1433928
1434028
1434128
1434228
1434328
1434428
1434527
1434628
1434728
1434827
1434928
1435027
1435127
1435228
1435327
1435427
1435527
1435627
1435727
1435827
1435927
1436027
1436127
1436227
1436326
1436427
1436527
1436626
1436727
1436826
1436926
1437027
1437126
1437227
1437326
1437426
1437527
1437626
1437726
1437826
1437926
1438026
1438126
1438226
1438326
1438426
1438526
1438625
1438726
1438826
1438925
1439026
1439125
1439225
1439326
1439425
1439525
1439626
1439725
1439825
1439925
1440025
1440124
1440225
1440325
1440424
1440525
1440625
1440724
1440825
1440924
1441025
1441125
1441224
1441325
1441424
1441524
1441625
1441724
1441824
1441924
1442024
1442124
1442224
1442324
1442423
1442524
1442624
1442723
1442824
1442924
1443023
1443124
1443223
1443323
1443424
1443523
1443623
1443723
1443823
1443923
1444023
1444123
1444224
1444323
1444423
1444523
1444623
1444723
1444823
1444923
1445022
1445123
1445223
1445322
1445423
1445522
1445622
1445723
1445822
1445922
1446022
1446122
1446222
1446322
1446422
1446521
1446622
1446722
1446821
1446922
1447022
1447121
1447222
1447321
1447421
1447522
1447621
1447721
1447821
1447921
1448022
1448121
1448221
1448321
1448421
1448521
1448621
1448721
1448821
1448921
1449021
1449120
1449221
1449321
1449420
1449521
1449620
1449720
1449821
1449920
1450020
1450121
1450220
1450320
1450420
1450520
1450620
1450720
1450820
1450919
1451020
1451120
1451219
1451320
1451419
1451520
1451620
1451719
1451820
1451919
1452019
1452120
1452219
1452319
1452419
1452519
1452619
1452719
1452819
1452918
1453019
1453119
1453218
1453319
1453419
1453518
1453619
1453718
1453818
1453919
1454018
1454118
1454218
1454318
1454418
1454518
1454618
1454717
1454918
1455017
1455118
1455218
1455318
1455418
1455517
1455618
1455718
1455817
1455918
1456017
1456117
1456218
1456317
1456417
1456517
1456617
1456717
1456817
1456917
1457017
1457117
1457217
1457316
1457417
1457517
1457616
1457717
1457816
1457916
1458017
1458116
1458216
1458316
1458416
1458516
1458616
1458716
1458816
1458916
1459016
1459116
1459216
1459316
1459416
1459516
1459615
1459716
1459816
1459915
1460016
1460115
1460215
1460316
1460415
1460515
1460615
1460715
1460815
1460915
1461015
1461115
1461215
1461315
1461414
1461515
1461615
1461714
1461815
1461914
1462014
1462214
1462315
1462415
1462514
1462615
1462714
1462814
1462914
1463014
1463114
1463214
1463314
1463413
1463514
1463614
1463713
1463814
1463914
1464013
1464114
1464213
1464313
1464414
1464513
1464613
1464713
1464813
1464913
1465013
1465113
1465212
1465313
1465413
1465512
1465613
1465713
1465812
1465913
1466012
1466113
1466213
1466312
1466413
1466512
1466612
1466713
1466812
1466912
1467013
1467112
1467212
1467312
1467412
1467512
1467612
1467712
1467811
1467912
1468012
1468111
1468212
1468311
1468411
1468512
1468611
1468711
1468811
1468911
1469011
1469111
1469211
1469310
1469411
1469511
1469611
1469711
1469811
1469911
1470011
1470110
1470211
1470311
1470410
1470511
1470610
1470710
1470811
1470910
1471010
1471110
1471210
1471310
1471410
1471510
1471609
1471710
1471810
1471909
1472010
1472110
1472209
1472310
1472409
1472509
1472610
1472709
1472809
1472909
1473009
1473110
1473209
1473309
1473409
1473509
1473609
1473709
1473809
1473909
1474009
1474109
1474208
1474309
1474409
1474508
1474609
1474718
1474808
1474909
1475008
1475108
1475208
1475308
1475408
1475508
1475608
1475707
1475808
1475908
1476007
1476108
1476207
1476307
1476408
1476507
1476608
1476708
1476807
1476908
1477007
1477107
1477208
1477307
1477407
1477507
1477607
1477708
1477807
1477907
1478006
1478107
1478207
1478306
1478407
1478507
1478606
1478707
1478806
1478906
1479007
1479106
1479206
1479306
1479406
1479506
1479606
1479706
1479805
1479906
1480006
1480105
1480206
1480306
1480406
1480506
1480605
1480706
1480806
1480905
1481006
1481105
1481205
1481306
1481405
1481505
1481605
1481705
1481805
1481905
1482005
1482105
1482205
1482305
1482404
1482505
1482605
1482704
1482805
1482904
1483004
1483105
1483204
1483304
1483404
1483504
1483604
1483704
1483804
1483905
1484004
1484104
1484204
1484304
1484403
1484504
1484604
1484703
1484804
1484904
1485003
1485104
1485203
1485303
1485404
1485503
1485603
1485703
1485803
1485903
1486003
1486103
1486202
1486303
1486403
1486502
1486603
1486703
1486802
1486903
1487002
1487102
1487203
1487302
1487403
1487502
1487602
1487705
1487802
1487902
1488002
1488102
1488202
1488302
1488402
1488501
1488602
1488702
1488801
1488902
1489002
1489101
1489202
1489301
1489401
1489502
1489601
1489701
1489801
1489901
1490001
1490101
1490201
1490300
1490401
1490501
1490600
1490701
1490801
1490900
1491001
1491100
1491201
1491301
1491400
1491501
1491600
1491700
1491801
1491900
1492000
1492100
1492200
1492300
1492400
1492500
1492599
1492704
1492800
1492899
1493000
1493099
1493199
1493300
1493399
1493499
1493600
1493699
1493799
1493899
1493999
1494099
1494199
1494299
1494398
1494499
1494699
1494799
1494899
1494999
1495099
1495198
1495299
1495399
1495498
1495599
1495698
1495798
1495899
1495998
1496098
1496198
1496298
1496398
1496498
1496598
1496698
1496798
1496898
1496997
1497098
1497197
1497398
1497497
1497597
1497698
1497797
1497897
1497997
1498097
1498198
1498297
1498397
1498497
1498597
1498697
1498797
1498897
1498996
1499097
1499197
1499296
1499397
1499497
1499596
1499697
1499796
1499896
1499997
1500096
1500196
1500296
1500396
1500496
1500596
1500696
1500795
1500896
1500996
1501095
1501196
1501295
1501395
1501496
1501595
1501696
1501796
1501895
1501996
1502095
1502195
1502296
1502395
1502495
1502595
1502695
1502797
1502895
1502995
1503094
1503195
1503295
1503394
1503495
1503595
1503694
1503795
1503894
1503994
1504095
1504194
1504294
1504394
1504494
1504594
1504694
1504794
1504893
1504994
1505094
1505193
1505294
1505393
1505494
1505594
1505693
1505794
1505894
1505993
1506094
1506193
1506293
1506394
1506493
1506593
1506693
1506793
1506893
1506993
1507093
1507192
1507293
1507393
1507492
1507593
1507693
1507792
1507893
1507992
1508092
1508193
1508292
1508392
1508492
1508592
1508692
1508792
1508892
1508992
1509092
1509192
1509292
1509392
1509491
1509592
1509692
1509791
1509892
1509992
1510091
1510192
1510291
1510391
1510492
1510591
1510691
1510791
1510891
1510991
1511091
1511191
1511290
1511391
1511491
1511590
1511691
1511790
1511896
1511991
1512090
1512190
1512291
1512390
1512491
1512590
1512690
1512791
1512890
1512990
1513090
1513190
1513290
1513390
1513490
1513590
1513690
1513790
1513889
1513990
1514089
1514189
1514290
1514389
1514489
1514590
1514689
1514789
1514889
1514989
1515089
1515189
1515289
1515388
1515489
1515589
1515688
1515789
1515888
1515988
1516089
1516188
1516289
1516389
1516488
1516589
1516688
1516788
1516889
1516988
1517088
1517188
1517288
1517388
1517488
1517588
1517687
1517788
1517888
1517987
1518088
1518187
1518287
1518388
1518487
1518587
1518688
1518787
1518887
1518987
1519087
1519187
1519287
1519387
1519486
1519587
1519687
1519787
1519887
1519987
1520087
1520187
1520286
1520387
1520486
1520586
1520687
1520786
1520886
1520987
1521086
1521186
1521286
1521386
1521486
1521586
1521686
1521785
1521886
1521986
1522085
1522186
1522285
1522385
1522486
1522585
1522685
1522786
1522885
1522985
1523085
1523185
1523286
1523385
1523485
1523585
1523685
1523785
1523885
1523985
1524084
1524185
1524285
1524384
1524485
1524584
1524689
1524785
1524884
1524984
1525085
1525184
1525284
1525384
1525484
1525584
1525684
1525784
1525883
1525984
1526084
1526183
1526284
1526384
1526483
1526584
1526688
1526784
1526884
1526983
1527084
1527183
1527283
1527384
1527483
1527583
1527688
1527783
1527883
1527983
1528083
1528182
1528283
1528383
1528482
1528583
1528687
1528782
1528883
1528982
1529082
1529183
1529282
1529382
1529482
1529582
1529682
1529782
1529882
1529981
1530082
1530182
1530281
1530382
1530481
1530582
1530682
1530781
1530882
1530982
1531081
1531182
1531281
1531381
1531482
1531581
1531681
1531781
1531881
1531981
1532081
1532181
1532280
1532381
1532481
1532580
1532681
1532780
1532880
1532981
1533080
1533180
1533281
1533380
1533480
1533580
1533684
1533780
1533880
1533980
1534080
1534180
1534280
1534380
1534480
1534580
1534680
1534780
1534879
1534980
1535079
1535179
1535280
1535379
1535479
1535580
1535679
1535779
1535879
1535979
1536079
1536179
1536279
1536378
1536479
1536579
1536678
1536779
1536878
1536978
1537079
1537178
1537278
1537379
1537478
1537579
1537678
1537778
1537879
1537978
1538078
1538178
1538278
1538378
1538478
1538578
1538678
1538778
1538878
1538977
1539078
1539177
1539277
1539378
1539477
1539577
1539680
1539777
1539877
1539977
1540077
1540177
1540277
1540377
1540476
1540577
1540677
1540776
1540877
1540976
1541076
1541177
1541276
1541377
1541477
1541576
1541682
1541776
1541876
1541977
1542076
1542176
1542276
1542376
1542476
1542576
1542679
1542775
1542876
1542976
1543075
1543176
1543276
1543375
1543476
1543575
1543675
1543776
1543875
1543975
1544075
1544175
1544275
1544375
1544475
1544574
1544678
1544775
1544875
1544975
1545074
1545175
1545275
1545374
1545475
1545574
1545674
1545775
1545874
1545974
1546075
1546174
1546274
1546374
1546474
1546574
1546681
1546774
1546873
1546974
1547074
1547173
1547274
1547373
1547473
1547574
1547673
1547773
1547874
1547973
1548073
1548173
1548273
1548374
1548473
1548573
1548676
1548773
1548873
1548973
1549073
1549172
1549273
1549373
1549472
1549573
1549673
1549772
1549873
1549972
1550072
1550173
1550272
1550372
1550472
1550572
1550672
1550772
1550872
1550971
1551072
1551172
1551271
1551372
1551472
1551571
1551672
1551771
1551872
1551972
1552071
1552172
1552271
1552371
1552472
1552571
1552672
1552771
1552871
1552971
1553071
1553171
1553270
1553371
1553471
1553570
1553673
1553770
1553870
1553971
1554070
1554170
1554271
1554370
1554470
1554570
1554670
1554770
1554870
1554970
1555069
1555170
1555270
1555369
1555470
1555570
1555670
1555770
1555869
1555970
1556069
1556169
1556270
1556369
1556469
1556570
1556672
1556769
1556869
1556969
1557069
1557169
1557269
1557368
1557469
1557569
1557668
1557769
1557868
1557968
1558069
1558168
1558268
1558369
1558468
1558568
1558668
1558768
1558868
1558968
1559068
1559168
1559268
1559368
1559468
1559568
1559671
1559768
1559868
1559967
1560068
1560168
1560267
1560368
1560467
1560567
1560668
1560767
1560867
1560967
1561067
1561167
1561267
1561367
1561466
1561567
1561670
1561766
1561867
1561966
1562066
1562167
1562266
1562366
1562466
1562566
1562667
1562766
1562866
1562967
1563066
1563166
1563266
1563366
1563466
1563566
1563666
1563765
1563866
1563966
1564065
1564166
1564266
1564365
1564466
1564565
1564665
1564768
1564865
1564965
1565065
1565165
1565265
1565365
1565465
1565564
1565665
1565765
1565864
1565965
1566064
1566164
1566265
1566364
1566465
1566564
1566664
1566765
1566864
1566964
1567065
1567164
1567264
1567364
1567464
1567564
1567664
1567764
1567863
1567964
1568064
1568163
1568264
1568364
1568463
1568564
1568663
1568763
1568864
1568963
1569063
1569163
1569263
1569363
1569463
1569563
1569666
1569763
1569863
1569963
1570063
1570163
1570263
1570363
1570462
1570563
1570662
1570762
1570863
1570962
1571062
1571163
1571262
1571362
1571462
1571562
1571662
1571762
1571862
1571961
1572062
1572162
1572261
1572362
1572462
1572561
1572665
1572761
1572861
1572962
1573061
1573161
1573261
1573361
1573462
1573561
1573661
1573761
1573861
1573961
1574061
1574161
1574260
1574361
1574461
1574560
1574661
1574760
1574860
1574961
1575060
1575160
1575261
1575360
1575460
1575560
1575660
1575760
1575860
1575960
1576059
1576160
1576260
1576359
1576460
1576560
1576659
1576760
1576859
1576960
1577060
1577159
1577260
1577359
1577459
1577560
1577661
1577759
1577859
1577959
1578059
1578159
1578259
1578359
1578459
1578559
1578661
1578759
1578858
1578958
1579059
1579158
1579258
1579359
1579458
1579558
1579666
1579758
1579858
1579958
1580058
1580157
1580258
1580358
1580457
1580558
1580657
1580758
1580858
1580957
1581058
1581158
1581257
1581358
1581457
1581557
1581660
1581757
1581857
1581957
1582057
1582157
1582257
1582357
1582456
1582557
1582657
1582756
1582857
1582957
1583056
1583157
1583256
1583356
1583457
1583556
1583659
1583756
1583856
1583956
1584056
1584156
1584256
1584356
1584456
1584556
1584659
1584755
1584856
1584956
1585055
1585156
1585256
1585355
1585456
1585555
1585662
1585756
1585855
1585955
1586055
1586155
1586255
1586355
1586455
1586555
1586655
1586755
1586854
1586955
1587054
1587154
1587255
1587354
1587555
1587656
1587755
1587854
1587954
1588055
1588154
1588254
1588354
1588454
1588554
1588654
1588754
1588853
1588954
1589054
1589153
1589254
1589354
1589453
1589554
1589653
1589753
1589854
1589953
1590053
1590153
1590253
1590353
1590453
1590553
1590652
1590753
1590853
1590952
1591053
1591152
1591252
1591353
1591452
1591553
1591677
1591752
1591853
1591952
1592052
1592153
1592252
1592352
1592452
1592552
1592655
1592752
1592852
1592951
1593052
1593152
1593251
1593352
1593452
1593551
1593654
1593751
1593851
1593952
1594051
1594151
1594251
1594351
1594451
1594551
1594653
1594750
1594851
1594951
1595051
1595151
1595250
1595351
1595451
1595550
1595651
1595750
1595850
1595951
1596050
1596150
1596251
1596350
1596450
1596550
1596650
1596750
1596850
1596950
1597049
1597150
1597250
1597349
1597450
1597550
1597651
1597750
1597849
1597949
1598049
1598149
1598249
1598349
1598449
1598550
1598649
1598749
1598849
1598949
1599049
1599149
1599249
1599348
1599449
1599549
1599648
1599749
1599848
1599948
1600049
1600148
1600248
1600349
1600448
1600548
1600648
1600748
1600848
1600948
1601048
1601147
1601248
1601348
1601447
1601548
1601647
1601747
1601848
1601947
1602048
1602148
1602247
1602348
1602447
1602547
1602648
1602747
1602847
1602947
1603047
1603147
1603247
1603347
1603446
1603547
1603649
1603746
1603847
1603947
1604046
1604147
1604246
1604346
1604447
1604546
1604646
1604746
1604846
1604946
1605046
1605146
1605245
1605346
1605446
1605545
1605646
1605745
1605846
1605946
1606045
1606146
1606245
1606345
1606446
1606545
1606645
1606748
1606845
1606945
1607045
1607145
1607245
1607445
1607544
1607649
1607745
1607844
1607945
1608045
1608144
1608245
1608344
1608444
1608545
1608647
1608744
1608844
1608944
1609044
1609144
1609244
1609344
1609444
1609544
1609647
1609744
1609843
1609944
1610044
1610143
1610244
1610343
1610443
1610544
1610643
1610743
1610844
1610943
1611043
1611143
1611243
1611343
1611443
1611543
1611646
1611743
1611843
1611942
1612043
1612143
1612242
1612343
1612442
1612542
1612642
1612742
1612843
1612942
1613042
1613143
1613242
1613342
1613442
1613542
1613642
1613742
1613842
1613941
1614042
1614142
1614241
1614342
1614441
1614541
1614642
1614741
1614841
1614942
1615041
1615141
1615241
1615341
1615441
1615541
1615641
1615740
1615841
1615941
1616040
1616141
1616240
1616340
1616441
1616540
1616641
1616741
1616840
1616941
1617040
1617140
1617241
1617340
1617440
1617540
1617640
1617740
1617840
1617940
1618039
1618140
1618240
1618339
1618440
1618539
1618639
1618740
1618839
1618939
1619040
1619139
1619239
1619339
1619439
1619539
1619639
1619739
1619838
1619939
1620039
1620139
1620239
1620339
1620439
1620539
1620739
1620838
1620938
1621039
1621138
1621238
1621339
1621438
1621538
1621638
1621738
1621838
1621938
1622038
1622137
1622238
1622338
1622437
1622538
1622637
1622737
1622838
1622937
1623037
1623138
1623237
1623337
1623437
1623537
1623638
1623737
1623837
1623937
1624037
1624137
1624237
1624337
1624436
1624537
1624637
1624736
1624837
1624936
1625036
1625137
1625236
1625336
1625436
1625536
1625636
1625736
1625836
1625936
1626036
1626136
1626235
1626336
1626436
1626535
1626636
1626735
1626835
1626936
1627035
1627136
1627236
1627335
1627436
1627535
1627635
1627736
1627835
1627935
1628035
1628135
1628235
1628335
1628435
1628534
1628635
1628735
1628834
1628935
1629034
1629134
1629235
1629334
1629434
1629535
1629634
1629734
1629834
1629934
1630034
1630134
1630234
1630333
1630434
1630534
1630633
1630734
1630833
1630934
1631034
1631133
1631234
1631333
1631433
1631534
1631633
1631733
1631834
1631933
1632033
1632133
1632233
1632333
1632433
1632533
1632632
1632733
1632833
1632932
1633033
1633132
1633232
1633333
1633432
1633532
1633633
1633732
1633832
1633932
1634032
1634132
1634232
1634332
1634432
1634532
1634632
1634732
1634832
1634935
1635032
1635132
1635231
1635332
1635431
1635531
1635637
1635731
1635831
1635932
1636031
1636131
1636231
1636331
1636431
1636531
1636631
1636730
1636831
1636931
1637030
1637131
1637230
1637330
1637431
1637530
1637630
1637731
1637830
1637931
1638030
1638130
1638231
1638330
1638430
1638630
1638730
1638830
1638930
1639029
1639130
1639230
1639329
1639430
1639529
1639629
1639730
1639829
1639929
1640030
1640229
1640329
1640429
1640529
1640629
1640729
1640828
1640929
1641029
1641128
1641229
1641328
1641428
1641529
1641628
1641729
1641828
1641928
1642029
1642128
1642228
1642329
1642428
1642528
1642628
1642728
1642828
1642928
1643028
1643127
1643228
1643328
1643427
1643528
1643627
1643727
1643828
1643927
1644027
1644127
1644227
1644327
1644427
1644527
1644627
1644727
1644827
1644926
1645027
1645127
1645227
1645327
1645426
1645527
1645627
1645726
1645827
1645926
1646026
1646127
1646226
1646326
1646427
1646526
1646626
1646726
1646826
1646926
1647026
1647126
1647225
1647326
1647426
1647525
1647626
1647725
1647825
1647926
1648025
1648125
1648226
1648325
1648425
1648525
1648625
1648726
1648825
1648925
1649025
1649125
1649225
1649325
1649425
1649524
1649625
1649725
1649824
1649925
1650024
1650124
1650225
1650324
1650424
1650524
1650624
1650724
1650824
1650924
1651024
1651124
1651224
1651323
1651424
1651524
1651623
1651724
1651823
1651923
1652024
1652123
1652224
1652323
1652423
1652524
1652623
1652723
1652824
1652923
1653023
1653123
1653223
1653323
1653423
1653523
1653622
1653723
1653823
1653922
1654023
1654122
1654222
1654323
1654422
1654522
1654623
1654722
1654822
1654922
1655022
1655122
1655222
1655322
1655421
1655522
1655622
1655721
1655822
1655922
1656022
1656122
1656221
1656322
1656421
1656521
1656622
1656721
1656821
1656922
1657021
1657121
1657221
1657321
1657421
1657521
1657621
1657720
1657821
1657921
1658020
1658121
1658220
1658320
1658421
1658520
1658620
1658720
1658820
1658920
1659020
1659120
1659220
1659320
1659420
1659520
1659620
1659724
1659820
1659920
1660019
1660120
1660220
1660319
1660420
1660519
1660619
1660720
1660819
1660919
1661019
1661119
1661219
1661319
1661419
1661519
1661619
1661719
1661818
1661919
1662019
1662118
1662219
1662318
1662418
1662519
1662618
1662718
1662819
1662918
1663019
1663118
1663218
1663318
1663418
1663518
1663618
1663718
1663818
1663918
1664018
1664117
1664218
1664318
1664417
1664518
1664617
1664717
1664823
1664917
1665017
1665117
1665217
1665317
1665417
1665517
1665617
1665717
1665817
1665916
1666017
1666117
1666216
1666317
1666416
1666516
1666617
1666716
1666817
1666916
1667016
1667117
1667216
1667316
1667417
1667516
1667616
1667716
1667816
1667916
1668016
1668116
1668215
1668316
1668416
1668515
1668616
1668715
1668815
1668916
1669015
1669115
1669216
1669315
1669415
1669515
1669615
1669716
1669815
1669915
1670014
1670115
1670215
1670315
1670415
1670514
1670615
1670715
1670814
1670915
1671014
1671114
1671215
1671314
1671414
1671514
1671614
1671714
1671814
1671914
1672014
1672114
1672214
1672313
1672414
1672514
1672613
1672714
1672813
1672913
1673014
1673113
1673213
1673314
1673413
1673513
1673613
1673713
1673814
1673913
1674013
1674113
1674213
1674313
1674413
1674513
1674612
1674713
1674813
1674912
1675013
1675112
1675212
1675313
1675412
1675512
1675612
1675712
1675812
1675912
1676012
1676112
1676212
1676312
1676411
1676512
1676612
1676711
1676812
1676911
1677011
1677112
1677211
1677312
1677411
1677511
1677612
1677711
1677811
1677912
1678011
1678111
1678211
1678311
1678411
1678511
1678611
1678710
1678811
1678911
1679010
1679111
1679210
1679310
1679411
1679510
1679610
1679711
1679810
1679910
1680010
1680110
1680210
1680310
1680410
1680509
1680610
1680710
1680809
1680910
1681009
1681110
1681210
1681309
1681410
1681509
1681609
1681710
1681809
1681909
1682009
1682109
1682209
1682309
1682409
1682509
1682609
1682709
1682808
1682909
1683009
1683108
1683209
1683308
1683408
1683509
1683608
1683708
1683808
1683908
1684008
1684108
1684208
1684308
1684408
1684508
1684608
1684708
1684808
1684908
1685008
1685107
1685208
1685308
1685407
1685508
1685607
1685707
1685808
1685907
1686007
1686107
1686207
1686307
1686407
1686507
1686607
1686707
1686807
1686906
1687007
1687107
1687206
1687307
1687406
1687506
1687608
1687706
1687806
1687906
1688006
1688107
1688206
1688306
1688407
1688506
1688606
1688706
1688806
1688906
1689006
1689106
1689205
1689306
1689406
1689505
1689606
1689705
1689805
1689910
1690005
1690105
1690205
1690305
1690405
1690505
1690605
1690705
1690805
1690905
1691004
1691105
1691205
1691304
1691405
1691504
1691604
1691705
1691827
1691905
1692004
1692104
1692205
1692304
1692404
1692504
1692604
1692704
1692804
1692904
1693004
1693104
1693204
1693303
1693404
1693504
1693603
1693704
1693803
1693907
1694004
1694103
1694203
1694303
1694403
1694503
1694603
1694703
1694802
1694903
1695003
1695102
1695203
1695303
1695403
1695503
1695602
1695703
1695805
1695902
1696003
1696102
1696202
1696303
1696402
1696502
1696603
1696704
1696802
1696902
1697002
1697102
1697202
1697302
1697401
1697502
1697602
1697701
1697802
1697905
1698001
1698102
1698201
1698301
1698401
1698501
1698601
1698701
1698801
1698902
1699001
1699101
1699201
1699301
1699401
1699501
1699601
1699700
1699801
1699901
1700000
1700101
1700200
1700300
1700401
1700500
1700600
1700700
1700800
1700900
1701000
1701100
1701200
1701300
1701400
1701499
1701602
1701700
1701799
1701900
1702099
1702200
1702299
1702400
1702599
1702701
1702799
1702899
1702999
1703099
1703199
1703299
1703399
1703499
1703599
1703699
1703798
1703899
1703999
1704098
1704199
1704298
1704398
1704499
1704598
1704698
1704798
1704898
1704998
1705098
1705198
1705297
1705398
1705498
1705597
1705701
1705798
1705897
1705998
1706097
1706198
1706298
1706397
1706498
1706597
1706701
1706798
1706897
1706997
1707097
1707197
1707297
1707397
1707497
1707597
1707697
1707797
1707896
1707997
1708097
1708196
1708297
1708396
1708496
1708597
1708701
1708796
1708896
1708996
1709096
1709196
1709296
1709396
1709496
1709596
1709696
1709797
1709896
1709996
1710096
1710195
1710296
1710396
1710495
1710596
1710695
1710795
1710896
1710995
1711095
1711195
1711295
1711395
1711495
1711595
1711694
1711795
1711895
1711994
1712095
1712195
1712294
1712395
1712494
1712594
1712695
1712794
1712894
1712994
1713094
1713195
1713294
1713394
1713498
1713594
1713694
1713794
1713894
1713994
1714094
1714194
1714293
1714394
1714494
1714593
1714694
1714793
1714893
1714994
1715093
1715193
1715293
1715393
1715493
1715593
1715693
1715793
1715893
1715993
1716092
1716193
1716293
1716392
1716493
1716592
1716692
1716793
1716892
1716993
1717092
1717192
1717293
1717392
1717492
1717592
1717692
1717792
1717892
1717992
1718092
1718192
1718292
1718391
1718492
1718592
1718691
1718792
1718891
1718991
1719092
1719191
1719291
1719391
1719491
1719591
1719691
1719791
1719890
1719991
1720091
1720190
1720291
1720391
1720491
1720591
1720690
1720791
1720891
1720990
1721091
1721190
1721290
1721391
1721490
1721590
1721690
1721790
1721890
1721990
1722090
1722189
1722290
1722390
1722489
1722590
1722690
1722789
1722890
1722989
1723089
1723190
1723289
1723389
1723489
1723589
1723689
1723789
1723889
1723988
1724089
1724189
1724289
1724389
1724489
1724589
1724689
1724788
1724889
1724989
1725088
1725189
1725288
1725388
1725491
1725588
1725688
1725788
1725888
1725988
1726088
1726188
1726288
1726388
1726490
1726587
1726688
1726788
1726887
1726988
1727087
1727187
1727288
1727387
1727488
1727587
1727687
1727788
1727887
1727987
1728087
1728187
1728287
1728387
1728496
1728587
1728687
1728787
1728886
1728987
1729087
1729186
1729287
1729386
1729486
1729587
1729686
1729786
1729886
1729986
1730086
1730186
1730286
1730385
1730486
1730586
1730685
1730786
1730886
1730985
1731086
1731185
1731286
1731386
1731489
1731586
1731685
1731785
1731886
1731985
1732085
1732185
1732285
1732385
1732485
1732585
1732685
1732785
1732885
1732984
1733085
1733185
1733284
1733385
1733484
1733584
1733685
1733784
1733884
1733984
1734084
1734184
1734284
1734384
1734483
1734584
1734684
1734784
1734884
1734984
1735084
1735184
1735283
1735384
1735485
1735583
1735684
1735783
1735883
1735984
1736083
1736183
1736283
1736383
1736491
1736583
1736683
1736782
1736883
1736983
1737082
1737183
1737283
1737382
1737483
1737582
1737682
1737783
1737882
1737982
1738082
1738182
1738283
1738382
1738482
1738583
1738682
1738782
1738882
1738982
1739081
1739182
1739282
1739381
1739485
1739582
1739681
1739782
1739881
1739981
1740082
1740181
1740281
1740381
1740482
1740581
1740681
1740781
1740881
1740981
1741081
1741180
1741281
1741381
1741480
1741581
1741680
1741780
1741881
1741980
1742081
1742180
1742280
1742381
1742480
1742580
1742680
1742780
1742880
1742980
1743080
1743180
1743280
1743380
1743479
1743580
1743680
1743779
1743880
1743979
1744079
1744180
1744279
1744384
1744479
1744579
1744679
1744779
1744879
1744979
1745079
1745179
1745278
1745379
1745479
1745579
1745679
1745778
1745879
1745979
1746078
1746179
1746278
1746378
1746479
1746578
1746678
1746779
1746878
1746978
1747078
1747178
1747277
1747378
1747478
1747577
1747678
1747777
1747877
1747978
1748077
1748177
1748278
1748377
1748477
1748577
1748677
1748777
1748877
1748977
1749076
1749177
1749277
1749377
1749477
1749577
1749677
1749777
1749876
1749977
1750077
1750176
1750277
1750381
1750476
1750577
1750676
1750776
1750877
1750976
1751076
1751176
1751276
1751375
1751476
1751576
1751675
1751776
1751876
1751975
1752076
1752175
1752275
1752376
1752475
1752576
1752675
1752775
1752876
1752975
1753075
1753175
1753275
1753375
1753475
1753575
1753674
1753775
1753875
1753974
1754075
1754175
1754274
1754375
1754474
1754574
1754675
1754774
1754874
1754974
1755074
1755174
1755274
1755374
1755474
1755574
1755674
1755773
1755874
1755974
1756073
1756174
1756273
1756374
1756474
1756573
1756674
1756777
1756873
1756974
1757073
1757173
1757274
1757373
1757473
1757573
1757673
1757772
1757873
1757973
1758072
1758173
1758273
1758372
1758473
1758572
1758672
1758773
1758872
1758972
1759072
1759172
1759272
1759372
1759472
1759571
1759672
1759772
1759872
1759972
1760072
1760172
1760272
1760371
1760472
1760572
1760671
1760772
1760872
1760971
1761072
1761171
1761271
1761371
1761471
1761571
1761671
1761772
1761871
1761971
1762071
1762170
1762271
1762371
1762470
1762571
1762670
1762770
1762871
1762970
1763070
1763170
1763270
1763371
1763470
1763570
1763670
1763770
1763870
1763970
1764070
1764170
1764270
1764370
1764469
1764570
1764670
1764769
1764870
1764969
1765069
1765170
1765269
1765369
1765469
1765569
1765669
1765769
1765869
1765969
1766069
1766169
1766268
1766369
1766469
1766568
1766669
1766768
1766868
1766969
1767068
1767169
1767269
1767368
1767469
1767568
1767668
1767768
1767868
1767968
1768068
1768168
1768268
1768368
1768468
1768567
1768668
1768768
1768867
1768968
1769067
1769167
1769268
1769367
1769467
1769567
1769667
1769767
1769867
1769967
1770066
1770167
1770267
1770366
1770467
1770567
1770667
1770767
1770866
1770967
1771067
1771166
1771267
1771366
1771466
1771567
1771666
1771768
1771966
1772066
1772166
1772266
1772366
1772466
1772566
1772665
1772766
1772866
1772965
1773066
1773165
1773265
1773366
1773465
1773565
1773665
1773765
1773865
1773965
1774065
1774164
1774265
1774365
1774465
1774565
1774665
1774765
1774865
1774964
1775065
1775165
1775264
1775365
1775464
1775564
1775665
1775764
1775864
1775964
1776064
1776164
1776264
1776364
1776463
1776564
1776664
1776763
1776864
1776964
1777063
1777164
1777263
1777363
1777464
1777563
1777664
1777763
1777863
1777964
1778063
1778163
1778263
1778363
1778463
1778563
1778663
1778763
1778863
1778963
1779062
1779163
1779263
1779362
1779463
1779562
1779662
1779763
1779862
1779962
1780062
1780162
1780262
1780362
1780462
1780562
1780662
1780762
1780861
1780962
1781062
1781161
1781262
1781361
1781462
1781562
1781661
1781765
1781861
1781961
1782062
1782161
1782261
1782362
1782461
1782561
1782661
1782761
1782861
1782961
1783061
1783160
1783261
1783361
1783460
1783561
1783660
1783760
1783861
1783960
1784060
1784160
1784260
1784360
1784460
1784560
1784659
1784760
1784860
1784960
1785060
1785160
1785260
1785360
1785459
1785560
1785660
1785759
1785860
1785959
1786059
1786160
1786259
1786361
1786460
1786559
1786663
1786759
1786859
1786959
1787059
1787159
1787258
1787359
1787459
1787558
1787659
1787758
1787858
1787959
1788058
1788158
1788258
1788358
1788459
1788558
1788658
1788759
1788858
1788958
1789058
1789158
1789258
1789358
1789458
1789557
1789658
1789758
1789857
1789958
1790057
1790157
1790258
1790357
1790457
1790557
1790657
1790757
1790857
1790957
1791057
1791157
1791257
1791356
1791457
1791557
1791656
1791760
1791856
1791956
1792057
1792156
1792257
1792356
1792456
1792557
1792656
1792756
1792857
1792956
1793056
1793156
1793256
1793355
1793456
1793556
1793655
1793756
1793856
1793955
1794056
1794155
1794255
1794356
1794455
1794555
1794655
1794755
1794855
1794955
1795055
1795154
1795255
1795355
1795454
1795555
1795655
1795755
1795855
1795954
1796055
1796155
1796254
1796355
1796455
1796554
1796655
1796758
1796854
1796954
1797054
1797154
1797254
1797354
1797454
1797554
1797654
1797753
1797854
1797954
1798053
1798154
1798253
1798353
1798454
1798553
1798653
1798753
1798853
1798953
1799053
1799153
1799252
1799353
1799453
1799553
1799653
1799753
1799853
1799953
