3600217
3600328
3600416
3600517
3600616
3600716
3600817
3600916
3601016
3601117
3601216
3601316
3601416
3601516
3601616
3601716
3601816
3601916
3602016
3602125
3602215
3602316
3602416
3602515
3602616
3602716
3602816
3602916
3603015
3603116
3603216
3603315
3603416
3603516
3603615
3603716
3603815
3603915
3604016
3604115
3604215
3604315
3604415
3604515
3604615
3604715
3604815
3604915
3605015
3605114
3605215
3605315
3605414
3605515
3605615
3605714
3605815
3605914
3606014
3606115
3606214
3606316
3606415
3606514
3606615
3606714
3606814
3606915
3607020
3607114
3607214
3607314
3607414
3607514
3607614
3607714
3607814
3607914
3608014
3608114
3608214
3608313
3608414
3608514
3608613
3608714
3608814
3608913
3609014
3609113
3609213
3609413
3609513
3609613
3609713
3609814
3609913
3610013
3610114
3610213
3610313
3610413
3610513
3610613
3610713
3610813
3610913
3611013
3611113
3611212
3611313
3611413
3611512
3611613
3611713
3611812
3611913
3612012
3612112
3612213
3612312
3612412
3612513
3612612
3612712
3612812
3612912
3613018
3613112
3613212
3613312
3613412
3613512
3613612
3613712
3613812
3613912
3614012
3614111
3614212
3614312
3614411
3614512
3614612
3614711
3614812
3614911
3615011
3615112
3615211
3615311
3615412
3615511
3615611
3615711
3615811
3615911
3616011
3616111
3616210
3616311
3616411
3616510
3616611
3616711
3616811
3616911
3617011
3617111
3617211
3617310
3617411
3617511
3617610
3617711
3617810
3617910
3618011
3618110
3618210
3618311
3618410
3618510
3618611
3618710
3618810
3618910
3619010
3619113
3619210
3619310
3619409
3619510
3619610
3619709
3619810
3619910
3620014
3620209
3620310
3620410
3620509
3620610
3620710
3620809
3620910
3621009
3621109
3621210
3621309
3621409
3621509
3621609
3621709
3621809
3621909
3622009
3622109
3622209
3622308
3622409
3622509
3622608
3622709
3622809
3622908
3623010
3623108
3623208
3623309
3623408
3623508
3623609
3623708
3623809
3623908
3624010
3624109
3624208
3624308
3624409
3624508
3624608
3624708
3624808
3624908
3625008
3625108
3625208
3625308
3625408
3625507
3625608
3625708
3625807
3625908
3626007
3626107
3626208
3626307
3626407
3626508
3626607
3626707
3626807
3626907
3627008
3627107
3627207
3627308
3627407
3627507
3627607
3627707
3627807
3627907
3628009
3628107
3628207
3628307
3628406
3628507
3628607
3628706
3628807
3628907
3629006
3629107
3629206
3629306
3629407
3629506
3629606
3629707
3629806
3629906
3630006
3630106
3630206
3630306
3630406
3630505
3630606
3630706
3630806
3630906
3631006
3631107
3631206
3631305
3631406
3631506
3631706
3631806
3631905
3632006
3632105
3632205
3632306
3632405
3632505
3632606
3632705
3632805
3632905
3633005
3633105
3633205
3633305
3633405
3633505
3633605
3633704
3633805
3633905
3634004
3634105
3634205
3634305
3634405
3634504
3634605
3634705
3634804
3634905
3635004
3635104
3635205
3635304
3635404
3635505
3635604
3635704
3635804
3635904
3636004
3636104
3636204
3636304
3636404
3636504
3636603
3636704
3636804
3636903
3637004
3637104
3637203
3637304
3637403
3637504
3637604
3637703
3637804
3637904
3638104
3638203
3638303
3638404
3638503
3638603
3638704
3638803
3638903
3639003
3639103
3639203
3639303
3639403
3639502
3639603
3639703
3639802
3639903
3640003
3640102
3640203
3640303
3640402
3640503
3640602
3640702
3640803
3640902
3641003
3641102
3641202
3641303
3641402
3641502
3641603
3641702
3641802
3641902
3642002
3642102
3642202
3642302
3642401
3642502
3642602
3642701
3642802
3642902
3643001
3643102
3643202
3643301
3643402
3643501
3643601
3643702
3643801
3643901
3644001
3644101
3644201
3644301
3644401
3644502
3644601
3644701
3644802
3644901
3645001
3645101
3645201
3645301
3645401
3645501
3645600
3645701
3645801
3645901
3646005
3646101
3646200
3646301
3646400
3646500
3646601
3646700
3646800
3646900
3647000
3647100
3647200
3647300
3647400
3647500
3647600
3647700
3647800
3647900
3648000
3648100
3648200
3648300
3648400
3648499
3648600
3648799
3648900
3649000
3649099
3649200
3649299
3649399
3649500
3649599
3649699
3649800
3649899
3649999
3650099
3650199
3650299
3650399
3650499
3650599
3650699
3650799
3650898
3650999
3651099
3651198
3651299
3651398
3651499
3651601
3651698
3651799
3651899
3651998
3652099
3652199
3652298
3652399
3652498
3652598
3652699
3652798
3652898
3652998
3653098
3653198
3653298
3653398
3653498
3653598
3653698
3653797
3653898
3653998
3654097
3654198
3654298
3654397
3654498
3654597
3654697
3654798
3654897
3654998
3655098
3655197
3655298
3655397
3655497
3655598
3655697
3655797
3655897
3655997
3656097
3656197
3656297
3656397
3656497
3656597
3656697
3656797
3656897
3656996
3657097
3657197
3657296
3657397
3657496
3657596
3657697
3657796
3657896
3657997
3658096
3658196
3658296
3658396
3658497
3658596
3658696
3658797
3658896
3658996
3659097
3659196
3659296
3659396
3659496
3659596
3659696
3659796
3659895
3659996
3660096
3660195
3660296
3660396
3660495
3660596
3660695
3660795
3660896
3660995
3661095
3661195
3661295
3661395
3661495
3661595
3661696
3661795
3661895
3661995
3662095
3662195
3662295
3662395
3662495
3662595
3662695
3662794
3662895
3662995
3663094
3663195
3663295
3663394
3663495
3663594
3663694
3663795
3663894
3664095
3664194
3664294
3664394
3664494
3664594
3664694
3664794
3664893
3664994
3665098
3665193
3665294
3665394
3665494
3665594
3665693
3665794
3665894
3665993
3666094
3666197
3666293
3666394
3666493
3666593
3666694
3666793
3666893
3666994
3667093
3667193
3667293
3667393
3667493
3667593
3667693
3667793
3667893
3667993
3668092
3668193
3668293
3668392
3668493
3668592
3668692
3668793
3668892
3668993
3669093
3669192
3669293
3669392
3669492
3669593
3669692
3669792
3669893
3669992
3670092
3670192
3670292
3670392
3670492
3670592
3670692
3670792
3670892
3670991
3671092
3671193
3671291
3671392
3671492
3671591
3671692
3671791
3671891
3671992
3672091
3672192
3672292
3672492
3672591
3672691
3672792
3672891
3672991
3673092
3673191
3673291
3673391
3673491
3673591
3673691
3673791
3673890
3673991
3674091
3674190
3674291
3674391
3674490
3674591
3674690
3674790
3674891
3674990
3675090
3675191
3675290
3675390
3675490
3675590
3675691
3675790
3675890
3675991
3676090
3676190
3676290
3676390
3676590
3676690
3676790
3676890
3676990
3677089
3677190
3677290
3677389
3677490
3677589
3677689
3677790
3677889
3677989
3678105
3678189
3678289
3678390
3678489
3678589
3678689
3678789
3678889
3678989
3679089
3679188
3679289
3679389
3679489
3679589
3679689
3679789
3679889
3679988
3680089
3680189
3680288
3680389
3680489
3680588
3680689
3680788
3680888
3681091
3681188
3681289
3681388
3681488
3681588
3681688
3681788
3681888
3681988
3682088
3682188
3682288
3682387
3682488
3682588
3682688
3682788
3682887
3682988
3683088
3683187
3683288
3683388
3683487
3683588
3683688
3683787
3683888
3683987
3684091
3684188
3684287
3684387
3684487
3684587
3684687
3684787
3684887
3684987
3685090
3685187
3685286
3685387
3685487
3685586
3685687
3685787
3685886
3685987
3686086
3686187
3686287
3686386
3686487
3686587
3686686
3686787
3686886
3686986
3687087
3687186
3687286
3687387
3687486
3687586
3687686
3687786
3687886
3687986
3688086
3688185
3688286
3688386
3688485
3688586
3688686
3688785
3688886
3688985
3689085
3689186
3689285
3689385
3689486
3689585
3689686
3689785
3689885
3689986
3690085
3690185
3690286
3690385
3690485
3690585
3690685
3690785
3690885
3690985
3691185
3691285
3691384
3691485
3691585
3691684
3691785
3691885
3691984
3692085
3692184
3692284
3692385
3692484
3692584
3692684
3692784
3692884
3692984
3693087
3693185
3693284
3693384
3693484
3693584
3693684
3693784
3693884
3693984
3694084
3694184
3694283
3694384
3694484
3694583
3694684
3694784
3694885
3694984
3695083
3695183
3695383
3695483
3695584
3695683
3695783
3695883
3695983
3696083
3696185
3696283
3696382
3696483
3696583
3696683
3696783
3696883
3696983
3697083
3697182
3697283
3697383
3697482
3697583
3697683
3697782
3697883
3697983
3698082
3698183
3698282
3698382
3698483
3698582
3698682
3698782
3698882
3698982
3699082
3699182
3699282
3699382
3699482
3699581
3699682
3699782
3699881
3699982
3700085
3700182
3700282
3700381
3700482
3700582
3700681
3700782
3700882
3700981
3701082
3701181
3701281
3701382
3701481
3701581
3701682
3701781
3701881
3701986
3702081
3702181
3702281
3702381
3702480
3702581
3702681
3702780
3702881
3702981
3703080
3703181
3703280
3703380
3703481
3703580
3703681
3703781
3703880
3703981
3704085
3704180
3704281
3704380
3704480
3704581
3704680
3704780
3704883
3704980
3705080
3705180
3705280
3705380
3705480
3705580
3705679
3705780
3705880
3705979
3706080
3706179
3706279
3706380
3706479
3706579
3706680
3706779
3706880
3706979
3707079
3707180
3707279
3707379
3707480
3707579
3707679
3707779
3707879
3707979
3708079
3708179
3708279
3708379
3708479
3708578
3708679
3708779
3708878
3708979
3709082
3709178
3709279
3709378
3709478
3709579
3709678
3709778
3709884
3709978
3710078
3710178
3710278
3710379
3710478
3710578
3710679
3710778
3710878
3710978
3711078
3711178
3711278
3711378
3711478
3711578
3711678
3711777
3711886
3711978
3712077
3712178
3712277
3712377
3712478
3712577
3712677
3712778
3712877
3712977
3713077
3713177
3713277
3713377
3713477
3713577
3713677
3713777
3713876
3713977
3714077
3714177
3714277
3714377
3714477
3714577
3714676
3714777
3714877
3714980
3715077
3715177
3715276
3715377
3715476
3715576
3715677
3715776
3715876
3715976
3716076
3716176
3716276
3716376
3716476
3716576
3716676
3716775
3716876
3716976
3717075
3717176
3717276
3717376
3717476
3717576
3717676
3717776
3717875
3717976
3718076
3718175
3718276
3718375
3718475
3718576
3718675
3718775
3718876
3718975
3719075
3719175
3719275
3719375
3719475
3719575
3719675
3719775
3719875
3719974
3720075
3720175
3720274
3720375
3720474
3720574
3720675
3720774
3720875
3720975
3721074
3721175
3721274
3721374
3721475
3721574
3721674
3721775
3721874
3721979
3722074
3722174
3722274
3722374
3722474
3722574
3722674
3722774
3722873
3722974
3723074
3723173
3723274
3723374
3723473
3723574
3723673
3723773
3723874
3723973
3724073
3724174
3724273
3724374
3724473
3724573
3724674
3724773
3724873
3725073
3725173
3725273
3725373
3725473
3725573
3725673
3725772
3725873
3725973
3726072
3726173
3726273
3726372
3726473
3726572
3726672
3726773
3726872
3726972
3727073
3727172
3727272
3727372
3727472
3727572
3727672
3727772
3727873
3727972
3728072
3728172
3728272
3728372
3728472
3728572
3728672
3728772
3728872
3728971
3729078
3729172
3729271
3729372
3729472
3729571
3729672
3729771
3729871
3729972
3730071
3730171
3730271
3730371
3730471
3730571
3730671
3730771
3730871
3730971
3731070
3731171
3731271
3731371
3731471
3731571
3731671
3731771
3731870
3731971
3732075
3732170
3732271
3732371
3732470
3732571
3732670
3732770
3732871
3732970
3733070
3733171
3733270
3733370
3733470
3733570
3733670
3733770
3733870
3733970
3734070
3734170
3734269
3734370
3734470
3734569
3734670
3734769
3734875
3734970
3735069
3735170
3735270
3735369
3735470
3735570
3735669
3735770
3735871
3735969
3736070
3736169
3736269
3736369
3736469
3736569
3736669
3736769
3736869
3736969
3737069
3737168
3737269
3737369
3737468
3737569
3737669
3737768
3737869
3737968
3738068
3738169
3738268
3738369
3738469
3738568
3738669
3738768
3738868
3738969
3739068
3739168
3739269
3739368
3739468
3739568
3739668
3739768
3739868
3739968
3740068
3740168
3740268
3740367
3740468
3740568
3740667
3740768
3740868
3740967
3741068
3741167
3741267
3741368
3741467
3741568
3741667
3741767
3741873
3741967
3742067
3742168
3742267
3742367
3742467
3742567
3742667
3742767
3742867
3742967
3743070
3743167
3743266
3743367
3743467
3743566
3743667
3743767
3743866
3743972
3744066
3744166
3744267
3744366
3744466
3744566
3744666
3744766
3744866
3744966
3745067
3745166
3745266
3745366
3745466
3745566
3745666
3745766
3745866
3745966
3746066
3746166
3746266
3746366
3746465
3746566
3746666
3746765
3746866
3746968
3747065
3747166
3747265
3747365
3747466
3747565
3747665
3747765
3747865
3747965
3748069
3748165
3748265
3748365
3748465
3748564
3748665
3748765
3748865
3748965
3749065
3749165
3749265
3749364
3749465
3749565
3749664
3749765
3749865
3749964
3750065
3750164
3750264
3750365
3750464
3750564
3750664
3750764
3750864
3750964
3751064
3751164
3751264
3751364
3751463
3751564
3751664
3751763
3751864
3751967
3752064
3752164
3752263
3752364
3752464
3752563
3752664
3752764
3752863
3752964
3753063
3753163
3753264
3753363
3753463
3753564
3753663
3753763
3753863
3753963
3754063
3754163
3754263
3754362
3754463
3754563
3754662
3754763
3754863
3754963
3755063
3755162
3755262
3755363
3755462
3755563
3755663
3755762
3755864
3755962
3756062
3756163
3756262
3756362
3756463
3756562
3756662
3756762
3756870
3756962
3757062
3757162
3757262
3757362
3757462
3757561
3757662
3757762
3757861
3757963
3758062
3758161
3758262
3758361
3758461
3758562
3758661
3758761
3758862
3758961
3759062
3759161
3759261
3759362
3759461
3759561
3759661
3759761
3759861
3759961
3760061
3760161
3760261
3760361
3760461
3760561
3760661
3760760
3760861
3760961
3761060
3761161
3761260
3761360
3761461
3761560
3761660
3761761
3761860
3761960
3762060
3762160
3762260
3762360
3762460
3762561
3762660
3762760
3762860
3762960
3763060
3763160
3763260
3763359
3763460
3763560
3763659
3763760
3763860
3763959
3764060
3764160
3764259
3764360
3764459
3764559
3764660
3764759
3764859
3764959
3765059
3765159
3765259
3765359
3765459
3765559
3765659
3765760
3765859
3765959
3766059
3766159
3766259
3766359
3766459
3766558
3766659
3766759
3766858
3766959
3767059
3767158
3767259
3767358
3767458
3767559
3767658
3767758
3767859
3767958
3768058
3768158
3768258
3768358
3768458
3768558
3768657
3768758
3768858
3768957
3769058
3769158
3769257
3769358
3769457
3769558
3769658
3769757
3769858
3769958
3770057
3770158
3770257
3770357
3770458
3770557
3770657
3770758
3770857
3770957
3771058
3771157
3771257
3771357
3771457
3771557
3771657
3771757
3771856
3771961
3772057
3772156
3772257
3772357
3772456
3772557
3772656
3772756
3772857
3772956
3773064
3773157
3773256
3773357
3773456
3773556
3773657
3773756
3773856
3773957
3774058
3774156
3774256
3774356
3774456
3774556
3774656
3774756
3774856
3774956
3775055
3775156
3775256
3775355
3775456
3775555
3775655
3775756
3775855
3775955
3776056
3776155
3776256
3776355
3776455
3776556
3776655
3776755
3776856
3776955
3777055
3777155
3777255
3777355
3777455
3777555
3777655
3777755
3777855
3777954
3778055
3778155
3778254
3778355
3778455
3778554
3778655
3778754
3778854
3778955
3779054
3779154
3779255
3779354
3779454
3779554
3779654
3779755
3779854
3779954
3780054
3780154
3780254
3780354
3780454
3780554
3780654
3780754
3780854
3780954
3781054
3781155
3781254
3781354
3781453
3781554
3781653
3781753
3781854
3781953
3782053
3782154
3782253
3782353
3782453
3782553
3782653
3782753
3782853
3782953
3783053
3783153
3783252
3783353
3783453
3783553
3783653
3783753
3783853
3783953
3784052
3784153
3784253
3784352
3784453
3784552
3784652
3784753
3784852
3784952
3785053
3785152
3785252
3785352
3785452
3785552
3785652
3785752
3785852
3785952
3786052
3786151
3786252
3786352
3786451
3786552
3786652
3786752
3786852
3786951
3787052
3787152
3787251
3787352
3787452
3787551
3787652
3787751
3787851
3787952
3788051
3788151
3788252
3788351
3788451
3788551
3788651
3788851
3788951
3789053
3789151
3789251
3789350
3789451
3789551
3789650
3789751
3789851
3789950
3790052
3790150
3790251
3790351
3790450
3790551
3790650
3790750
3790851
3790950
3791050
3791151
3791250
3791350
3791450
3791550
3791650
3791750
3791850
3791950
3792050
3792150
3792249
3792350
3792549
3792650
3792750
3792849
3792950
3793049
3793149
3793250
3793349
3793449
3793550
3793649
3793750
3793849
3793949
3794050
3794149
3794249
3794349
3794449
3794549
3794649
3794749
3794849
3794949
3795049
3795148
3795249
3795349
3795448
3795549
3795649
3795748
3795849
3795948
3796048
3796149
3796249
3796348
3796449
3796548
3796648
3796748
3796848
3796948
3797048
3797148
3797249
3797348
3797448
3797548
3797648
3797748
3797853
3797948
3798048
3798148
3798248
3798347
3798448
3798548
3798647
3798748
3798848
3798947
3799048
3799147
3799247
3799348
3799447
3799547
3799647
3799747
3799847
3799957
3800047
3800147
3800247
3800347
3800448
3800547
3800647
3800747
3800847
3800947
3801047
3801147
3801246
3801347
3801447
3801546
3801647
3801747
3801846
3801947
3802050
3802146
3802247
3802346
3802446
3802547
3802646
3802746
3802846
3802946
3803046
3803146
3803246
3803346
3803446
3803546
3803645
3803746
3803846
3803959
3804046
3804146
3804246
3804346
3804445
3804546
3804646
3804745
3804846
3804946
3805045
3805146
3805245
3805345
3805446
3805545
3805645
3805745
3805845
3805945
3806045
3806145
3806245
3806345
3806445
3806544
3806645
3806745
3806846
3806945
3807045
3807144
3807245
3807344
3807444
3807545
3807644
3807745
3807845
3807944
3808050
3808144
3808244
3808345
3808444
3808544
3808645
3808744
3808844
3808944
3809044
3809144
3809244
3809344
3809444
3809544
3809644
3809743
3809844
3809944
3810043
3810144
3810243
3810343
3810444
3810543
3810643
3810744
3810843
3810944
3811044
3811143
3811244
3811343
3811443
3811544
3811643
3811743
3811843
3811943
3812044
3812143
3812243
3812343
3812443
3812543
3812642
3812743
3812848
3812942
3813043
3813143
3813242
3813343
3813442
3813542
3813643
3813742
3813842
3813943
3814042
3814142
3814242
3814342
3814443
3814542
3814642
3814743
3814842
3814942
3815042
3815142
3815242
3815342
3815442
3815541
3815642
3815742
3815841
3815942
3816042
3816141
3816242
3816341
3816441
3816542
3816641
3816741
3816842
3816941
3817041
3817141
3817241
3817341
3817441
3817541
3817641
3817741
3817841
3817940
3818041
3818141
3818241
3818341
3818441
3818541
3818641
3818740
3818841
3818941
3819040
3819141
3819241
3819340
3819441
3819540
3819640
3819741
3819840
3819940
3820041
3820140
3820240
3820340
3820440
3820540
3820640
3820740
3820839
3820940
3821040
3821139
3821240
3821340
3821440
3821540
3821639
3821740
3821840
3821939
3822040
3822140
3822239
3822340
3822440
3822539
3822640
3822739
3822839
3822940
3823039
3823139
3823239
3823339
3823439
3823539
3823639
3823739
3823839
3823946
3824038
3824139
3824239
3824338
3824439
3824539
3824638
3824739
3824838
3824939
3825039
3825138
3825239
3825338
3825438
3825539
3825638
3825738
3825839
3825938
3826038
3826138
3826238
3826338
3826438
3826538
3826638
3826738
3826838
3826938
3827038
3827138
3827237
3827338
3827438
3827537
3827638
3827737
3827837
3827938
3828037
3828137
3828238
3828337
3828438
3828537
3828637
3828837
3828937
3829038
3829137
3829237
3829337
3829437
3829537
3829637
3829737
3829836
3829937
3830038
3830136
3830237
3830337
3830436
3830537
3830637
3830736
3830837
3830936
3831036
3831137
3831236
3831336
3831436
3831536
3831636
3831736
3831836
3831937
3832036
3832136
3832237
3832336
3832436
3832536
3832636
3832736
3832836
3832936
3833036
3833136
3833236
3833335
3833436
3833536
3833635
3833736
3833835
3833935
3834036
3834135
3834235
3834336
3834435
3834535
3834635
3834735
3834835
3834935
3835035
3835136
3835235
3835335
3835435
3835535
3835635
3835735
3835835
3835935
3836035
3836135
3836335
3836435
3836534
3836635
3836735
3836834
3836935
3837034
3837134
3837235
3837334
3837434
3837534
3837634
3837734
3837834
3837934
3838034
3838134
3838234
3838333
3838434
3838534
3838633
3838734
3838834
3838934
3839034
3839133
3839234
3839334
3839433
3839534
3839634
3839733
3839834
3839933
3840033
3840134
3840233
3840333
3840434
3840533
3840633
3840733
3840833
3840933
3841033
3841133
3841232
3841333
3841433
3841532
3841633
3841733
3841832
3841933
3842033
3842132
3842233
3842332
3842433
3842533
3842632
3842733
3842833
3842937
3843033
3843132
3843232
3843333
3843432
3843532
3843632
3843732
3843832
3843932
3844032
3844132
3844232
3844332
3844431
3844532
3844632
3844731
3844832
3844936
3845031
3845132
3845231
3845331
3845432
3845531
3845632
3845732
3845831
3845932
3846031
3846131
3846232
3846331
3846431
3846531
3846631
3846731
3846831
3846931
3847031
3847131
3847231
3847330
3847431
3847531
3847630
3847731
3847834
3847930
3848031
3848130
3848230
3848331
3848430
3848530
3848631
3848730
3848830
3848930
3849030
3849131
3849230
3849330
3849431
3849530
3849630
3849730
3849830
3849930
3850035
3850130
3850230
3850330
3850430
3850529
3850630
3850730
3850829
3850930
3851030
3851129
3851307
3851329
3851429
3851530
3851629
3851729
3851830
3851931
3852029
3852129
3852229
3852329
3852429
3852529
3852628
3852729
3852829
3852929
3853029
3853129
3853229
3853329
3853428
3853529
3853629
3853728
3853829
3853929
3854028
3854129
3854229
3854328
3854429
3854528
3854628
3854729
3854828
3854928
3855029
3855128
3855228
3855328
3855428
3855528
3855628
3855728
3855827
3855928
3856028
3856128
3856228
3856327
3856428
3856528
3856627
3856728
3856828
3856927
3857028
3857127
3857227
3857328
3857427
3857527
3857628
3857727
3857827
3857927
3858027
3858127
3858227
3858327
3858427
3858527
3858627
3858726
3858827
3858927
3859026
3859127
3859227
3859326
3859427
3859526
3859627
3859727
3859826
3859927
3860027
3860126
3860227
3860326
3860426
3860527
3860626
3860726
3860827
3860926
3861026
3861126
3861226
3861326
3861426
3861526
3861626
3861726
3861826
3861925
3862026
3862126
3862225
3862326
3862426
3862525
3862626
3862725
3862825
3862926
3863025
3863126
3863226
3863325
3863426
3863525
3863625
3863726
3863825
3863925
3864026
3864125
3864225
3864325
3864425
3864525
3864625
3864725
3864824
3864925
3865025
3865124
3865225
3865325
3865424
3865525
3865624
3865724
3865825
3865924
3866024
3866126
3866226
3866324
3866424
3866524
3866625
3866724
3866824
3866924
3867024
3867124
3867224
3867324
3867424
3867524
3867624
3867723
3867824
3867924
3868023
3868124
3868224
3868323
3868424
3868524
3868623
3868724
3868823
3868923
3869024
3869123
3869223
3869323
3869423
3869523
3869623
3869723
3869824
3869923
3870023
3870123
3870223
3870323
3870423
3870523
3870623
3870723
3870823
3870922
3871023
3871123
3871222
3871323
3871423
3871522
3871623
3871722
3871822
3871923
3872022
3872122
3872223
3872322
3872422
3872522
3872622
3872722
3872822
3872922
3873025
3873122
3873222
3873321
3873422
3873522
3873622
3873722
3873821
3873927
3874022
3874121
3874222
3874322
3874421
3874522
3874621
3874721
3874823
3874921
3875021
3875122
3875221
3875321
3875421
3875521
3875621
3875721
3875821
3875921
3876021
3876121
3876220
3876321
3876421
3876520
3876621
3876721
3876820
3876921
3877020
3877121
3877221
3877320
3877421
3877521
3877620
3877721
3877820
3877920
3878021
3878120
3878220
3878321
3878420
3878520
3878620
3878720
3878820
3878920
3879020
3879119
3879220
3879320
3879419
3879520
3879620
3879719
3879825
3879919
3880019
3880120
3880219
3880320
3880420
3880519
3880620
3880719
3880819
3880920
3881019
3881119
3881220
3881319
3881419
3881519
3881619
3881719
3881819
3881919
3882019
3882119
3882219
3882318
3882419
3882519
3882618
3882719
3882818
3882918
3883019
3883118
3883218
3883319
3883418
3883518
3883619
3883718
3883825
3883918
3884018
3884119
3884218
3884318
3884418
3884518
3884618
3884718
3884818
3884919
3885018
3885118
3885217
3885318
3885418
3885517
3885618
3885718
3885817
3885918
3886018
3886117
3886218
3886317
3886417
3886518
3886617
3886717
3886817
3886917
3887017
3887117
3887217
3887318
3887417
3887517
3887617
3887717
3887817
3887917
3888017
3888117
3888217
3888317
3888416
3888517
3888617
3888716
3888817
3888917
3889016
3889117
3889216
3889316
3889417
3889516
3889616
3889816
3889916
3890016
3890116
3890216
3890316
3890416
3890516
3890616
3890716
3890816
3890916
3891021
3891122
3891216
3891315
3891416
3891516
3891615
3891716
3891816
3891915
3892016
3892115
3892215
3892316
3892415
3892515
3892616
3892715
3892815
3892915
3893015
3893115
3893215
3893315
3893415
3893515
3893615
3893714
3893815
3893915
3894014
3894115
3894214
3894315
3894415
3894514
3894615
3894715
3894814
3894919
3895015
3895114
3895215
3895314
3895414
3895515
3895614
3895714
3895815
3895917
3896014
3896114
3896214
3896314
3896414
3896514
3896613
3896714
3896814
3896913
3897014
3897114
3897213
3897314
3897413
3897513
3897614
3897713
3897814
3897914
3898013
3898114
3898213
3898313
3898414
3898513
3898613
3898714
3898813
3898923
3899013
3899113
3899213
3899313
3899413
3899513
3899613
3899713
3899812
3899915
3900013
3900112
3900213
3900313
3900412
3900513
3900612
3900712
3900816
3900912
3901012
3901112
3901212
3901313
3901412
3901512
3901613
3901712
3901812
3901916
3902012
3902112
3902212
3902312
3902412
3902512
3902612
3902711
3902812
3902912
3903011
3903112
3903212
3903311
3903412
3903511
3903611
3903712
3903811
3903911
3904012
3904111
3904211
3904311
3904411
3904512
3904611
3904711
3904812
3904911
3905011
3905111
3905211
3905311
3905411
3905511
3905611
3905711
3905811
3905913
3906011
3906111
3906210
3906311
3906410
3906510
3906611
3906710
3906810
3906911
3907010
3907110
3907210
3907310
3907410
3907510
3907610
3907710
3907810
3907910
3908009
3908110
3908210
3908310
3908410
3908510
3908610
3908710
3908809
3908910
3909019
3909109
3909210
3909310
3909409
3909510
3909609
3909709
3909810
3909909
3910009
3910110
3910209
3910309
3910409
3910509
3910609
3910709
3910809
3910909
3911009
3911109
3911208
3911309
3911409
3911508
3911609
3911709
3911809
3911909
3912008
3912109
3912209
3912409
3912508
3912608
3912709
3912808
3912908
3913009
3913108
3913208
3913309
3913408
3913508
3913608
3913708
3913808
3913908
3914008
3914107
3914208
3914308
3914407
3914508
3914608
3914707
3914808
3914908
3915008
3915108
3915207
3915308
3915408
3915507
3915608
3915707
3915812
3915908
3916007
3916107
3916208
3916307
3916407
3916507
3916607
3916707
3916807
3916907
3917007
3917107
3917207
3917306
3917407
3917507
3917606
3917707
3917807
3917906
3918011
3918106
3918206
3918307
3918406
3918507
3918607
3918706
3918807
3918906
3919006
3919107
3919206
3919306
3919406
3919506
3919606
3919706
3919806
3919908
3920006
3920106
3920205
3920306
3920406
3920505
3920606
3920706
3920805
3920906
3921005
3921108
3921209
3921305
3921405
3921506
3921605
3921705
3921805
3921905
3922006
3922105
3922205
3922306
3922405
3922505
3922605
3922705
3922805
3922905
3923007
3923104
3923205
3923305
3923404
3923505
3923605
3923704
3923805
3923905
3924004
3924105
3924204
3924304
3924405
3924504
3924604
3924704
3924804
3924904
3925004
3925104
3925204
3925304
3925404
3925504
3925604
3925704
3925804
3925907
3926004
3926104
3926204
3926303
3926404
3926504
3926603
3926704
3926804
3926903
3927008
3927103
3927203
3927304
3927403
3927503
3927604
3927703
3927803
3927903
3928003
3928103
3928203
3928303
3928403
3928503
3928603
3928702
3928803
3928903
3929003
3929103
3929203
3929303
3929403
3929502
3929603
3929703
3929802
3929905
3930002
3930102
3930203
3930302
3930402
3930503
3930602
3930702
3930802
3930902
3931002
3931102
3931202
3931302
3931402
3931502
3931702
3931802
3931901
3932002
3932102
3932201
3932302
3932401
3932502
3932602
3932701
3932802
3932902
3933001
3933102
3933201
3933301
3933402
3933501
3933601
3933702
3933801
3933901
3934001
3934101
3934201
3934301
3934401
3934501
3934601
3934701
3934800
3934901
3935001
3935100
3935201
3935301
3935400
3935501
3935600
3935700
3935801
3935900
3936001
3936100
3936200
3936301
3936400
3936500
3936601
3936700
3936800
3936900
3937000
3937100
3937200
3937300
3937400
3937500
3937600
3937700
3937800
3937900
3937999
3938100
3938200
3938299
3938400
3938499
3938599
3938700
3938799
3938899
3939000
3939099
3939200
3939299
3939399
3939500
3939599
3939699
3939800
3939899
3939999
3940099
3940199
3940299
3940399
3940499
3940598
3940699
3940799
3940898
3940999
3941099
3941198
3941299
3941398
3941498
3941599
3941698
3941798
3941899
3941998
3942098
3942199
3942298
3942398
3942498
3942598
3942699
3942798
3942898
3942998
3943098
3943198
3943298
3943398
3943498
3943598
3943698
3943797
3943898
3943998
3944097
3944198
3944298
3944397
3944498
3944597
3944697
3944798
3944897
3945000
3945098
3945197
3945297
3945397
3945497
3945597
3945697
3945797
3945902
3945997
3946097
3946196
3946297
3946397
3946497
3946597
3946696
3946797
3946897
3946996
3947097
3947197
3947296
3947397
3947496
3947596
3947697
3947796
3947896
3947997
3948096
3948196
3948296
3948396
3948496
3948596
3948696
3948796
3948896
3948996
3949095
3949196
3949296
3949395
3949496
3949596
3949696
3949796
3949899
3949996
3950096
3950195
3950296
3950396
3950495
3950596
3950695
3950795
3950900
3950995
3951095
3951196
3951295
3951395
3951495
3951595
3951695
3951795
3951895
3951994
3952095
3952195
3952294
3952395
3952495
3952594
3952695
3952794
3952894
3952995
3953094
3953195
3953295
3953394
3953495
3953594
3953694
3953795
3953894
3953994
3954095
3954194
3954294
3954394
3954494
3954594
3954694
3954800
3954894
3954994
3955094
3955193
3955294
3955394
3955493
3955594
3955694
3955793
3955894
3955994
3956093
3956194
3956293
3956393
3956494
3956593
3956694
3956793
3956893
3956994
3957093
3957193
3957294
3957393
3957493
3957593
3957693
3957793
3957893
3957993
3958093
3958193
3958293
3958392
3958493
3958593
3958692
3958798
3958893
3958992
3959093
3959192
3959292
3959393
3959492
3959592
3959692
3959792
3959892
3959992
3960092
3960193
3960292
3960392
3960493
3960592
3960692
3960792
3960895
3960992
3961092
3961192
3961291
3961392
3961492
3961591
3961692
3961792
3961891
3961992
3962091
3962191
3962292
3962391
3962491
3962592
3962691
3962791
3962893
3962991
3963091
3963191
3963291
3963392
3963491
3963591
3963691
3963791
3963891
3963991
3964091
3964190
3964291
3964391
3964490
3964591
3964691
3964790
3964891
3964990
3965090
3965191
3965290
3965390
3965491
3965590
3965690
3965791
3965890
3965996
3966090
3966190
3966290
3966390
3966490
3966589
3966690
3966790
3966889
3966992
3967090
3967190
3967290
3967389
3967490
3967590
3967689
3967790
3967890
3967989
3968090
3968189
3968289
3968390
3968489
3968589
3968690
3968789
3968889
3968989
3969089
3969189
3969289
3969389
3969488
3969589
3969689
3969788
3969889
3969989
3970088
3970189
3970288
3970388
3970489
3970588
3970689
3970789
3970888
3970991
3971089
3971188
3971289
3971388
3971488
3971589
3971688
3971788
3971888
3971988
3972088
3972188
3972288
3972388
3972488
3972588
3972687
3972788
3972888
3972987
3973088
3973188
3973287
3973388
3973487
3973587
3973688
3973787
3973888
3973988
3974087
3974188
3974287
3974387
3974488
3974587
3974687
3974788
3974887
3974995
3975087
3975187
3975287
3975387
3975487
3975586
3975687
3975787
3975887
3975987
3976087
3976186
3976287
3976387
3976486
3976587
3976686
3976786
3976887
3976986
3977086
3977186
3977286
3977387
3977486
3977586
3977687
3977786
3977886
3977986
3978086
3978186
3978286
3978386
3978486
3978586
3978686
3978788
3978886
3978986
3979085
3979186
3979286
3979385
3979486
3979585
3979685
3979786
3979885
3979985
3980086
3980185
3980285
3980385
3980485
3980585
3980685
3980785
3980886
3980985
3981085
3981185
3981285
3981385
3981485
3981585
3981685
3981785
3981885
3981984
3982085
3982185
3982284
3982385
3982484
3982584
3982685
3982784
3982884
3982985
3983084
3983184
3983284
3983384
3983484
3983584
3983684
3983784
3983884
3983984
3984083
3984184
3984284
3984384
3984484
3984584
3984684
3984784
3984883
3984984
3985084
3985183
3985284
3985384
3985483
3985584
3985683
3985783
3985884
3985983
3986083
3986184
3986283
3986383
3986483
3986583
3986683
3986783
3986883
3986983
3987083
3987183
3987282
3987383
3987483
3987582
3987683
3987782
3987883
3987983
3988082
3988183
3988283
3988382
3988483
3988582
3988682
3988783
3988882
3988982
3989083
3989182
3989282
3989382
3989482
3989582
3989682
3989782
3989882
3989982
3990082
3990181
3990282
3990382
3990481
3990582
3990682
3990781
3990882
3990981
3991081
3991182
3991281
3991382
3991482
3991581
3991682
3991781
3991881
3991982
3992081
3992181
3992281
3992381
3992481
3992581
3992681
3992781
3992881
3992981
3993081
3993181
3993281
3993380
3993481
3993581
3993680
3993781
3993880
3993980
3994081
3994180
3994280
3994381
3994480
3994580
3994681
3994780
3994881
3994980
3995080
3995181
3995280
3995380
3995480
3995580
3995680
3995780
3995880
3995980
3996080
3996180
3996280
3996380
3996480
3996579
3996680
3996780
3996879
3996980
3997079
3997179
3997280
3997379
3997479
3997580
3997679
3997784
3997879
3997979
3998080
3998179
3998279
3998380
3998479
3998579
3998679
3998779
3998879
3998979
3999079
3999178
3999279
3999379
3999478
3999579
3999679
3999778
3999879
3999979
4000078
4000179
4000278
4000378
4000578
4000678
4000778
4000878
4000978
4001078
4001178
4001278
4001378
4001478
4001577
4001678
4001778
4001878
4001978
4002078
4002178
4002278
4002377
4002478
4002578
4002677
4002778
4002878
4002977
4003078
4003177
4003277
4003378
4003477
4003577
4003678
4003777
4003877
4003977
4004077
4004177
4004277
4004377
4004477
4004577
4004677
4004776
4004877
4004977
4005076
4005177
4005276
4005377
4005477
4005576
4005677
4005777
4005876
4005977
4006076
4006176
4006277
4006376
4006476
4006577
4006676
4006776
4006876
4006976
4007076
4007176
4007276
4007376
4007476
4007576
4007675
4007776
4007876
4007975
4008076
4008176
4008275
4008376
4008476
4008576
4008676
4008775
4008876
4008976
4009075
4009176
4009275
4009375
4009476
4009575
4009675
4009776
4009875
4009975
4010075
4010175
4010275
4010375
4010475
4010575
4010675
4010775
4010874
4010975
4011075
4011176
4011275
4011374
4011474
4011575
4011674
4011774
4011875
4011974
4012075
4012174
4012274
4012375
4012474
4012574
4012675
4012774
4012874
4012974
4013074
4013174
4013274
4013374
4013474
4013574
4013674
4013773
4013874
4014073
4014174
4014274
4014373
4014474
4014573
4014673
4014774
4014873
4014973
4015074
4015173
4015273
4015373
4015473
4015574
4015673
4015774
4015874
4015973
4016073
4016179
4016273
4016373
4016473
4016573
4016673
4016773
4016883
4016972
4017073
4017173
4017272
4017373
4017473
4017572
4017673
4017772
4017872
4017973
4018072
4018272
4018372
4018472
4018572
4018672
4018772
4018872
4018972
4019072
4019172
4019272
4019372
4019472
4019572
4019672
4019777
4019871
4019972
4020072
4020171
4020272
4020372
4020471
4020572
4020672
4020771
4020872
4020974
4021071
4021172
4021271
4021371
4021471
4021571
4021671
4021771
4021871
4021971
4022071
4022171
4022270
4022371
4022471
4022571
4022671
4022771
4022876
4022971
4023070
4023171
4023271
4023370
4023471
4023570
4023670
4023771
4023870
4023970
4024071
4024170
4024270
4024371
4024470
4024570
4024670
4024770
4024879
4024970
4025070
4025170
4025270
4025370
4025469
4025570
4025670
4025769
4025870
4025969
4026070
4026170
4026269
4026370
4026470
4026569
4026670
4026769
4026869
4026970
4027069
4027169
4027270
4027369
4027469
4027569
4027669
4027769
4027869
4027969
4028069
4028169
4028269
4028368
4028469
4028569
4028668
4028769
4028869
4028968
4029069
4029168
4029268
4029369
4029468
4029569
4029669
4029768
4029869
4029968
4030068
4030169
4030268
4030368
4030469
4030568
4030668
4030768
4030868
4030968
4031068
4031170
4031268
4031368
4031468
4031567
4031668
4031768
4031867
4031968
4032067
4032167
4032268
4032367
4032467
4032568
4032667
4032768
4032867
4032970
4033068
4033167
4033267
4033368
4033467
4033567
4033667
4033767
4033867
4033967
4034067
4034167
4034267
4034367
4034466
4034567
4034667
4034766
4034867
4034967
4035066
4035167
4035266
4035366
4035467
4035566
4035666
4035767
4035866
4035966
4036066
4036166
4036273
4036366
4036466
4036567
4036666
4036766
4036866
4036966
4037066
4037166
4037266
4037366
4037466
4037566
4037665
4037769
4037866
4037965
4038066
4038165
4038265
4038366
4038465
4038565
4038666
4038765
4038865
4038966
4039065
4039165
4039265
4039365
4039465
4039565
4039665
4039764
4039865
4039965
4040065
4040165
4040265
4040365
4040465
4040564
4040665
4040770
4040864
4040965
4041065
4041164
4041265
4041364
4041464
4041565
4041664
4041764
4041865
4041968
4042064
4042164
4042264
4042364
4042464
4042564
4042664
4042764
4042864
4042963
4043064
4043164
4043264
4043364
4043464
4043564
4043664
4043763
4043864
4043964
4044063
4044164
4044263
4044363
4044464
4044563
4044663
4044764
4044863
4044963
4045063
4045163
4045263
4045363
4045463
4045563
4045663
4045763
4045862
4045966
4046063
4046162
4046268
4046363
4046462
4046563
4046662
4046763
4046863
4046962
4047063
4047163
4047262
4047363
4047462
4047562
4047663
4047762
4047862
4047963
4048062
4048162
4048262
4048362
4048462
4048562
4048662
4048762
4048862
4048962
4049061
4049162
4049262
4049361
4049462
4049562
4049661
4049762
4049861
4049961
4050062
4050161
4050262
4050362
4050461
4050562
4050661
4050761
4050862
4050962
4051061
4051161
4051270
4051361
4051461
4051561
4051661
4051761
4051861
4051960
4052061
4052161
4052260
4052361
4052461
4052560
4052661
4052760
4052860
4052961
4053060
4053160
4053261
4053360
4053460
4053560
4053660
4053761
4053860
4053960
4054061
4054160
4054260
4054360
4054460
4054560
4054660
4054760
4054860
4054960
4055060
4055159
4055260
4055360
4055459
4055560
4055660
4055762
4055860
4055959
4056059
4056167
4056259
4056359
4056559
4056659
4056759
4056859
4056960
4057059
4057159
4057259
4057359
4057459
4057559
4057659
4057759
4057859
4057961
4058058
4058159
4058259
4058358
4058459
4058559
4058658
4058759
4058858
4058958
4059059
4059158
4059258
4059359
4059458
4059558
4059659
4059758
4059858
4059958
4060058
4060158
4060258
4060358
4060457
4060558
4060658
4060758
4060858
4060958
4061058
4061158
4061257
4061358
4061458
4061557
4061658
4061758
4061857
4061958
4062057
4062157
4062258
4062357
4062457
4062558
4062657
4062757
4062857
4062957
4063057
4063157
4063257
4063356
4063457
4063557
4063656
4063757
4063857
4063956
4064057
4064156
4064257
4064357
4064456
4064557
4064657
4064757
4064857
4064956
4065056
4065157
4065256
4065356
4065457
4065556
4065656
4065756
4065856
4065957
4066056
4066156
4066256
4066356
4066456
4066555
4066656
4066756
4066855
4066956
4067056
4067155
4067256
4067355
4067456
4067556
4067655
4067756
4067856
4067958
4068056
4068155
4068255
4068356
4068455
4068555
4068656
4068755
4068855
4068955
4069055
4069155
4069255
4069355
4069455
4069555
4069655
4069754
4069855
4069955
4070054
4070155
4070254
4070354
4070455
4070554
4070654
4070755
4070854
4070955
4071054
4071154
4071255
4071354
4071454
4071555
4071654
4071754
4071854
4071954
4072054
4072154
4072254
4072354
4072454
4072554
4072654
4072754
4072854
4072955
4073054
4073154
4073354
4073453
4073553
4073654
4073753
4073853
4073954
4074053
4074153
4074253
4074353
4074454
4074553
4074653
4074754
4074853
4074953
4075053
4075153
4075253
4075353
4075453
4075553
4075653
4075753
4075852
4075953
4076053
4076152
4076253
4076352
4076452
4076553
4076652
4076752
4076853
4076952
4077052
4077152
4077252
4077352
4077452
4077552
4077652
4077752
4077852
4077952
4078052
4078152
4078252
4078352
4078452
4078552
4078652
4078751
4078852
4078952
4079051
4079152
4079252
4079351
4079452
4079551
4079651
4079756
4079851
4079951
4080052
4080151
4080251
4080351
4080451
4080551
4080651
4080751
4080851
4080951
4081051
4081150
4081251
4081351
4081451
4081551
4081650
4081751
4081851
4081954
4082051
4082151
4082250
4082351
4082451
4082550
4082651
4082750
4082850
4082951
4083050
4083150
4083250
4083350
4083450
4083550
4083650
4083750
4083850
4083950
4084049
4084150
4084250
4084349
4084450
4084550
4084649
4084750
4084850
4084950
4085050
4085149
4085250
4085350
4085449
4085550
4085649
4085749
4085850
4085949
4086049
4086150
4086249
4086349
4086449
4086549
4086649
4086749
4086849
4086949
4087049
4087149
4087248
4087349
4087449
4087548
4087649
4087748
4087848
4087949
4088048
4088148
4088249
4088348
4088449
4088549
4088648
4088749
4088848
4088948
4089049
4089148
4089248
4089348
4089448
4089548
4089648
4089748
4089848
4089948
4090048
4090147
4090248
4090348
4090447
4090548
4090648
4090747
4090848
4090947
4091047
4091148
4091247
4091347
4091448
4091547
4091648
4091748
4091847
4091948
4092047
4092147
4092248
4092347
4092447
4092547
4092647
4092747
4092847
4092947
4093047
4093147
4093247
4093346
4093447
4093547
4093646
4093747
4093847
4093946
4094047
4094146
4094246
4094347
4094446
4094546
4094647
4094746
4094846
4094947
4095046
4095147
4095246
4095346
4095447
4095546
4095646
4095746
4095846
4095946
4096046
4096146
4096245
4096346
4096446
4096545
4096646
4096746
4096845
4096946
4097045
4097145
4097246
4097345
4097445
4097546
4097645
4097745
4097846
4097945
4098045
4098145
4098245
4098345
4098445
4098545
4098646
4098845
4098945
4099045
4099145
4099245
4099345
4099444
4099545
4099645
4099744
4099845
4099945
4100044
4100145
4100244
4100344
4100445
4100544
4100644
4100745
4100944
4101044
4101144
4101244
4101344
4101444
4101543
4101644
4101744
4101843
4101944
4102044
4102144
4102244
4102343
4102444
4102544
4102643
4102744
4102844
4102943
4103044
4103144
4103243
4103344
4103443
4103543
4103644
4103743
4103843
4103944
4104043
4104143
4104243
4104343
4104443
4104543
4104643
4104743
4104843
4104943
4105042
4105143
4105243
4105342
4105443
4105542
4105643
4105743
4105842
4105943
4106043
4106142
4106243
4106342
4106442
4106543
4106642
4106742
4106843
4106942
4107042
4107142
4107342
4107442
4107542
4107642
4107742
4107842
4107941
4108042
4108142
4108241
4108342
4108441
4108541
4108642
4108841
4108942
4109041
4109142
4109242
4109341
4109442
4109541
4109641
4109746
4109841
4109941
4110041
4110141
4110241
4110341
4110441
4110541
4110641
4110741
4110840
4110941
4111041
4111140
4111241
4111341
4111440
4111541
4111641
4111740
4111845
4111940
4112040
4112141
4112240
4112340
4112440
4112540
4112641
4112740
4112843
4112941
4113040
4113140
4113240
4113340
4113440
4113540
4113640
4113740
4113840
4113940
4114039
4114140
4114240
4114339
4114440
4114540
4114639
4114740
4114839
4114939
4115040
4115139
4115239
4115340
4115439
4115539
4115639
4115739
4115840
4115939
4116039
4116139
4116239
4116339
4116439
4116539
4116639
4116739
4116841
4116939
4117039
4117139
4117238
4117339
4117439
4117538
4117639
4117738
4117838
4117939
4118038
4118138
4118239
4118338
4118438
4118538
4118638
4118738
4118838
4118938
4119038
4119138
4119238
4119337
4119438
4119538
4119638
4119738
4119838
4119944
4120038
4120137
4120238
4120338
4120437
4120538
4120638
4120737
4120838
4120937
4121037
4121139
4121237
4121337
4121438
4121537
4121637
4121737
4121837
4121937
4122037
4122137
4122236
4122337
4122437
4122536
4122637
4122737
4122836
4122937
4123036
4123137
4123237
4123336
4123437
4123537
4123636
4123737
4123837
4123936
4124037
4124136
4124236
4124337
4124436
4124536
4124636
4124736
4124836
4124936
4125036
4125136
4125236
4125336
4125435
4125536
4125636
4125735
4125836
4125936
4126035
4126136
4126236
4126336
4126436
4126535
4126636
4126736
4126835
4126936
4127035
4127135
4127236
4127335
4127435
4127536
4127635
4127735
4127835
4127935
4128035
4128135
4128235
4128335
4128435
4128535
4128634
4128735
4128835
4128934
4129035
4129135
4129234
4129335
4129434
4129534
4129635
4129734
4129835
4129935
4130034
4130135
4130234
4130334
4130435
4130534
4130634
4130734
4130834
4130934
4131034
4131134
4131234
4131334
4131434
4131533
4131634
4131734
4131833
4131934
4132034
4132133
4132234
4132333
4132433
4132534
4132633
4132733
4132834
4132933
4133033
4133133
4133233
4133334
4133433
4133533
4133634
4133733
4133841
4133933
4134033
4134133
4134233
4134333
4134433
4134533
4134633
4134732
4134833
4134933
4135032
4135133
4135233
4135332
4135433
4135532
4135632
4135733
4135832
4135932
4136033
4136132
4136232
4136332
4136432
4136532
4136632
4136732
4136833
4136932
4137032
4137132
4137232
4137332
4137432
4137532
4137631
4137732
4137832
4137933
4138032
4138132
4138231
4138332
4138432
4138531
4138632
4138731
4138833
4138932
4139031
4139131
4139231
4139331
4139431
4139531
4139631
4139731
4139831
4139931
4140030
4140131
4140231
4140331
4140431
4140531
4140631
4140731
4140830
4140931
4141031
4141130
4141231
4141331
4141430
4141531
4141630
4141731
4141831
4141930
4142030
4142131
4142230
4142330
4142430
4142530
4142630
4142730
4142830
4142930
4143030
4143130
4143229
4143330
4143430
4143630
4143729
4143830
4143931
4144029
4144130
4144230
4144329
4144430
4144530
4144629
4144730
4144829
4144929
4145030
4145129
4145229
4145330
4145429
4145529
4145629
4145729
4145829
4145929
4146029
4146128
4146234
4146329
4146428
4146529
4146629
4146728
4146829
4146929
4147028
4147129
4147228
4147329
4147429
4147528
4147629
4147730
4147828
4147929
4148028
4148128
4148229
4148328
4148428
4148528
4148628
4148728
4148828
4148928
4149028
4149128
4149228
4149327
4149428
4149528
4149627
4149728
4149828
4149927
4150028
4150127
4150227
4150328
4150427
4150528
4150628
4150727
4150828
4150927
4151027
4151131
4151227
4151327
4151427
4151527
4151627
4151727
4151827
4151927
4152027
4152127
4152226
4152327
4152427
4152526
4152627
4152727
4152827
4152927
4153026
4153126
4153227
4153326
4153426
4153527
4153626
4153726
4153832
4153926
4154027
4154126
4154226
4154327
4154426
4154526
4154626
4154726
4154826
4154926
4155026
4155126
4155226
4155326
4155425
4155526
4155626
4155725
4155826
4155930
4156025
4156126
4156225
4156325
4156426
4156525
4156625
4156726
4156825
4156925
4157025
4157125
4157225
4157325
4157425
4157526
4157625
4157725
4157825
4157925
4158025
4158125
4158225
4158324
4158425
4158525
4158624
4158725
4158825
4158924
4159025
4159125
4159224
4159325
4159424
4159524
4159625
4159724
4159825
4159925
4160024
4160124
4160224
4160324
4160424
4160524
4160624
4160723
4160825
4160924
4161024
4161124
4161224
4161324
4161424
4161524
4161624
4161724
4161823
4161924
4162024
4162123
4162224
4162323
4162423
4162524
4162623
4162723
4162824
4162923
4163023
4163123
4163223
4163323
4163423
4163523
4163623
4163723
4163823
4163922
4164023
4164123
4164222
4164323
4164422
4164523
4164623
4164722
4164823
4164923
4165022
4165123
4165223
4165322
4165423
4165522
4165622
4165723
4165822
4165922
4166022
4166122
4166222
4166322
4166422
4166522
4166622
4166722
4166822
4166922
4167022
4167121
4167222
4167322
4167421
4167522
4167622
4167721
4167822
4167921
4168022
4168122
4168221
4168322
4168421
4168521
4168622
4168721
4168821
4168922
4169021
4169121
4169221
4169321
4169421
4169521
4169621
4169721
4169821
4169921
4170021
4170121
4170221
4170320
4170421
4170521
4170620
4170721
4170820
4170920
4171021
4171120
4171220
4171321
4171420
4171521
4171620
4171720
4171821
4171920
4172020
4172121
4172220
4172320
4172420
4172520
4172620
4172720
4172821
4172920
4173020
4173120
4173219
4173320
4173420
4173519
4173620
4173720
4173819
4173920
4174019
4174119
4174220
4174319
4174419
4174519
4174619
4174720
4174819
4174928
4175020
4175119
4175219
4175319
4175419
4175519
4175619
4175719
4175819
4175919
4176019
4176119
4176219
4176319
4176418
4176519
4176619
4176720
4176819
4176918
4177018
4177119
4177218
4177318
4177419
4177518
4177618
4177719
4177822
4177918
4178018
4178118
4178219
4178318
4178418
4178518
4178618
4178718
4178818
4178918
4179018
4179118
4179218
4179317
4179418
4179518
4179617
4179718
4179817
4179922
4180018
4180117
4180217
4180318
4180417
4180517
4180617
4180717
4180817
4180917
4181017
4181117
4181217
4181317
4181416
4181517
4181617
4181716
4181817
4181917
4182017
4182117
4182216
4182317
4182417
4182516
4182617
4182717
4182816
4182919
4183017
4183116
4183217
4183316
4183416
4183517
4183616
4183716
4183816
4183917
4184016
4184116
4184216
4184316
4184416
4184516
4184616
4184716
4184816
4184922
4185016
4185116
4185216
4185316
4185415
4185516
4185616
4185715
4185816
4185916
4186015
4186116
4186215
4186315
4186416
4186515
4186615
4186716
4186815
4186915
4187015
4187115
4187215
4187315
4187415
4187515
4187615
4187715
4187814
4187915
4188015
4188114
4188215
4188315
4188414
4188515
4188614
4188715
4188815
4188914
4189015
4189114
4189214
4189315
4189414
4189514
4189615
4189714
4189814
4189915
4190014
4190114
4190214
4190314
4190414
4190514
4190614
4190713
4190814
4190914
4191013
4191114
4191214
4191313
4191414
4191513
4191613
4191714
4191813
4191913
4192014
4192113
4192214
4192313
4192413
4192514
4192613
4192713
4192814
4192913
4193013
4193113
4193213
4193313
4193413
4193513
4193613
4193713
4193813
4193912
4194013
4194113
4194212
4194313
4194413
4194512
4194613
4194712
4194812
4194916
4195012
4195112
4195213
4195312
4195412
4195512
4195612
4195713
4195812
4195915
4196012
4196112
4196216
4196312
4196412
4196512
4196612
4196712
4196812
4196915
4197012
4197111
4197212
4197312
4197411
4197512
4197611
4197711
4197812
4197911
4198011
4198112
4198211
4198311
4198411
4198511
4198611
4198711
4198811
4198917
4199011
4199111
4199211
4199311
4199411
4199511
4199611
4199711
4199811
4199911
4200010
4200111
4200211
4200310
4200411
4200511
4200610
4200711
4200810
4200913
4201011
4201110
4201210
4201311
4201410
4201510
4201610
4201710
4201810
4201910
4202010
4202110
4202210
4202310
4202409
4202510
4202610
4202711
4202810
4202910
4203010
4203110
4203310
4203410
4203509
4203610
4203710
4203809
4203910
4204009
4204109
4204210
4204309
4204409
4204509
4204609
4204712
4204809
4204909
4205009
4205109
4205209
4205308
4205409
4205509
4205608
4205709
4205809
4205911
4206009
4206108
4206209
4206309
4206408
4206509
4206609
4206708
4206809
4206909
4207008
4207109
4207208
4207308
4207409
4207508
4207608
4207708
4207808
4207908
4208008
4208108
4208208
4208308
4208408
4208507
4208608
4208708
4208807
4208908
4209008
4209107
4209208
4209307
4209408
4209508
4209607
4209708
4209808
4209908
4210008
4210107
4210207
4210308
4210407
4210507
4210607
4210707
4210807
4210907
4211007
4211107
4211207
4211307
4211407
4211507
4211607
4211706
4211807
4211907
4212006
4212107
4212206
4212306
4212407
4212506
4212606
4212707
4212806
4212907
4213006
4213106
4213207
4213306
4213406
4213507
4213606
4213706
4213806
4213906
4214006
4214106
4214206
4214306
4214406
4214506
4214605
4214706
4214806
4214905
4215006
4215106
4215205
4215306
4215405
4215505
4215606
4215706
4215805
4215906
4216005
4216108
4216205
4216305
4216406
4216505
4216605
4216706
4216805
4216905
4217006
4217105
4217205
4217305
4217405
4217505
4217605
4217710
4217804
4217905
4218005
4218104
4218205
4218304
4218404
4218505
4218604
4218704
4218805
4218904
4219004
4219104
4219204
4219304
4219404
4219504
4219604
4219704
4219804
4219905
4220004
4220104
4220204
4220304
4220404
4220504
4220604
4220704
4220804
4220911
4221003
4221104
4221204
4221303
4221404
4221503
4221603
4221704
4221803
4221903
4222004
4222103
4222203
4222303
4222403
4222503
4222603
4222703
4222803
4222905
4223003
4223102
4223203
4223303
4223403
4223503
4223603
4223703
4223803
4223903
4224003
4224103
4224202
4224303
4224403
4224502
4224603
4224702
4224807
4224903
4225002
4225102
4225203
4225302
4225402
4225502
4225602
4225702
4225802
4225902
4226002
4226102
4226202
4226301
4226402
4226502
4226601
4226702
4226802
4226904
4227002
4227101
4227202
4227302
4227401
4227502
4227601
4227701
4227802
4227905
4228001
4228102
4228201
4228301
4228401
4228501
4228601
4228701
4228801
4228902
4229001
4229101
4229200
4229301
4229401
4229500
4229601
4229701
4229806
4229901
4230000
4230100
4230201
4230300
4230401
4230501
4230600
4230701
4230800
4230900
4231001
4231100
4231200
4231301
4231400
4231500
4231600
4231700
4231800
4231900
4232000
4232100
4232200
4232300
4232399
4232500
4232600
4232699
4232800
4232900
4232999
4233100
4233199
4233299
4233400
4233499
4233600
4233700
4233799
4233900
4233999
4234099
4234200
4234299
4234399
4234500
4234599
4234699
4234799
4234899
4234999
4235099
4235199
4235299
4235399
4235499
4235598
4235704
4235799
4235898
4235999
4236105
4236198
4236299
4236398
4236498
4236599
4236698
4236798
4236899
4236998
4237099
4237198
4237298
4237399
4237498
4237598
4237698
4237798
4237898
4237998
4238098
4238198
4238298
4238398
4238497
4238598
4238698
4238797
4238898
4238998
4239097
4239198
4239297
4239397
4239498
4239597
4239724
4239798
4239897
4239997
4240097
4240197
4240297
4240397
4240497
4240598
4240697
4240797
4240897
4240997
4241097
4241197
4241297
4241397
4241497
4241597
4241696
4241797
4241897
4241996
4242097
4242196
4242296
4242397
4242496
4242596
4242697
4242796
4242896
4242996
4243096
4243196
4243296
4243396
4243496
4243596
4243696
4243795
4243896
4243996
4244096
4244196
4244296
4244396
4244496
4244596
4244696
4244796
4244895
4244996
4245096
4245195
4245296
4245395
4245495
4245596
4245695
4245795
4245896
4245995
4246095
4246195
4246295
4246395
4246495
4246595
4246695
4246804
4246895
4246994
4247095
4247195
4247294
4247395
4247495
4247595
4247695
4247800
4247895
4247995
4248094
4248195
4248295
4248394
4248495
4248594
4248698
4248795
4248894
4248994
4249095
4249194
4249294
4249394
4249494
4249594
4249694
4249794
4249894
4249994
4250094
4250193
4250294
4250394
4250493
4250594
4250697
4250793
4250894
4250993
4251098
4251194
4251293
4251394
4251493
4251593
4251694
4251793
4251893
4251994
4252093
4252193
4252294
4252393
4252493
4252593
4252693
4252793
4252893
4252993
4253092
4253193
4253293
4253392
4253493
4253593
4253697
4253793
4253892
4253992
4254093
4254192
4254292
4254393
4254492
4254593
4254692
4254792
4254893
4254992
4255092
4255193
4255292
4255392
4255492
4255592
4255692
4255792
4255892
4255992
4256092
4256192
4256291
4256392
4256492
4256591
4256692
4256792
4256891
4256992
4257091
4257191
4257292
4257391
4257491
4257592
4257691
4257792
4257891
4257991
4258092
4258191
4258291
4258392
4258491
4258591
4258691
4258791
4258891
4258991
4259091
4259191
4259291
4259391
4259490
4259591
4259691
4259790
4259891
4259990
4260090
4260191
4260290
4260390
4260491
4260590
4260690
4260795
4260890
4260990
4261090
4261190
4261291
4261390
4261490
4261590
4261690
4261790
4261890
4261990
4262090
4262190
4262290
4262389
4262490
4262590
4262689
4262790
4262890
4262989
4263090
4263189
4263289
4263390
4263489
4263589
4263690
4263789
4263889
4263989
4264089
4264189
4264289
4264389
4264489
4264589
4264689
4264792
4264889
4264989
4265089
4265189
4265289
4265389
4265489
4265588
4265693
4265789
4265888
4265989
4266093
4266188
4266289
4266388
4266488
4266589
4266688
4266789
4266889
4266988
4267088
4267188
4267288
4267388
4267488
4267588
4267687
4267788
4267888
4267987
4268088
4268188
4268288
4268388
4268488
4268588
4268688
4268791
4268888
4268988
4269087
4269188
4269287
4269387
4269488
4269587
4269687
4269788
4269887
4269987
4270087
4270187
4270287
4270387
4270487
4270587
4270687
4270787
4270891
4270987
4271087
4271186
4271287
4271387
4271486
4271587
4271694
4271787
4271887
4271986
4272087
4272187
4272286
4272387
4272486
4272586
4272687
4272791
4272886
4272987
4273086
4273186
4273286
4273386
4273486
4273586
4273686
4273786
4273886
4273986
4274085
4274186
4274286
4274385
4274486
4274585
4274685
4274786
4274885
4274985
4275086
4275185
4275286
4275386
4275485
4275586
4275685
4275785
4275886
4275985
4276085
4276185
4276285
4276385
4276485
4276585
4276685
4276785
4276885
4276985
4277085
4277185
4277284
4277385
4277485
4277584
4277685
4277784
4277884
4277985
4278084
4278184
4278285
4278384
4278484
4278584
4278689
4278785
4278884
4278984
4279085
4279184
4279284
4279384
4279484
4279584
4279684
4279784
4279884
4279984
4280084
4280183
4280284
4280384
4280483
4280584
4280684
4280783
4280884
4280984
4281083
4281184
4281283
4281383
4281484
4281583
4281683
4281789
4281883
4281984
4282083
4282183
4282284
4282383
4282483
4282583
4282683
4282783
4282883
4282983
4283083
4283183
4283283
4283382
4283483
4283583
4283682
4283783
4283883
4283982
4284083
4284182
4284282
4284383
4284482
4284582
4284683
4284782
4284882
4284982
4285082
4285182
4285282
4285382
4285582
4285682
4285782
4285882
4285982
4286082
4286282
4286382
4286482
4286581
4286682
4286782
4286881
4286982
4287081
4287181
4287282
4287381
4287481
4287582
4287681
4287787
4287881
4287981
4288081
4288181
4288281
4288381
4288481
4288581
4288680
4288781
4288881
4288980
4289081
4289181
4289281
4289381
4289480
4289581
4289681
4289780
4289881
4289981
4290080
4290181
4290280
4290380
4290481
4290580
4290680
4290781
4290884
4290980
4291080
4291180
4291280
4291380
4291480
4291580
4291680
4291780
4291879
4291980
4292080
4292179
4292280
4292380
4292480
4292580
4292694
4292780
4292880
4292979
4293080
4293179
4293279
4293380
4293479
4293579
4293680
4293785
4293879
4293979
4294079
4294179
4294279
4294379
4294479
4294579
4294679
4294778
4294879
4294979
4295078
4295179
4295279
4295378
4295479
4295579
4295678
4295779
4295878
4295979
4296079
4296178
4296279
4296379
4296478
4296579
4296678
4296778
4296879
4296978
4297078
4297178
4297278
4297378
4297478
4297578
4297678
4297778
4297878
4297977
4298078
4298178
4298277
4298378
4298477
4298577
4298678
4298777
4298877
4298978
4299077
4299177
4299278
4299377
4299478
4299577
4299677
4299778
4299886
4299977
4300078
4300177
4300277
4300377
4300477
4300577
4300677
4300777
4300877
4300978
4301077
4301176
4301277
4301377
4301476
4301577
4301677
4301776
4301877
4301976
4302076
4302177
4302276
4302376
4302476
4302576
4302676
4302776
4302880
4302977
4303076
4303176
4303276
4303376
4303476
4303576
4303676
4303776
4303876
4303976
4304075
4304176
4304276
4304375
4304476
4304576
4304675
4304776
4304875
4304975
4305076
4305175
4305275
4305376
4305475
4305575
4305675
4305775
4305875
4305975
4306075
4306176
4306275
4306375
4306475
4306575
4306678
4306775
4306875
4306975
4307075
4307175
4307274
4307375
4307475
4307574
4307675
4307775
4307874
4307975
4308074
4308174
4308275
4308374
4308474
4308574
4308674
4308774
4308874
4308974
4309074
4309174
4309274
4309373
4309474
4309574
4309673
4309774
4309874
4309974
4310074
4310173
4310274
4310374
4310473
4310574
4310674
4310773
4310874
4310973
4311073
4311174
4311273
4311373
4311474
4311573
4311673
4311774
4311873
4311973
4312073
4312173
4312273
4312373
4312473
4312572
4312673
4312773
4312872
4312973
4313073
4313172
4313273
4313373
4313473
4313573
4313672
4313773
4313873
4313972
4314073
4314173
4314272
4314373
4314472
4314572
4314673
4314772
4314874
4314972
4315072
4315172
4315272
4315372
4315472
4315572
4315672
4315771
4315872
4315972
4316071
4316172
4316272
4316371
4316472
4316571
4316672
4316773
4316871
4316972
4317071
4317171
4317272
4317371
4317471
4317572
4317672
4317771
4317872
4317971
4318071
4318171
4318271
4318371
4318471
4318571
4318670
4318771
4318871
4318970
4319071
4319171
4319270
4319371
4319471
4319570
4319671
4319770
4319870
4319971
4320070
4320171
4320270
4320370
4320471
4320570
4320670
4320771
4320870
4320970
4321070
4321170
4321270
4321370
4321470
4321570
4321670
4321770
4321869
4321970
4322070
4322169
4322270
4322370
4322469
4322570
4322669
4322769
4322870
4322969
4323069
4323170
4323269
4323369
4323469
4323569
4323670
4323769
4323869
4323970
4324069
4324169
4324269
4324369
4324469
4324569
4324669
4324769
4324869
4324969
4325068
4325169
4325269
4325368
4325469
4325569
4325668
4325769
4325868
4325972
4326069
4326168
4326268
4326369
4326468
4326568
4326668
4326768
4326868
4326968
4327068
4327168
4327268
4327368
4327468
4327568
4327668
4327768
4327868
4327967
4328068
4328168
4328267
4328368
4328468
4328567
4328668
4328767
4328872
4328968
4329067
4329167
4329268
4329367
4329467
4329567
4329667
4329767
4329867
4329967
4330067
4330167
4330267
4330366
4330467
4330567
4330667
4330767
4330876
4330967
4331067
4331171
4331267
4331367
4331466
4331567
4331667
4331766
4331871
4331966
4332066
4332167
4332266
4332366
4332467
4332566
4332666
4332766
4332866
4332966
4333066
4333166
4333265
4333366
4333466
4333565
4333666
4333766
4333865
4333966
4334066
4334166
4334266
4334365
4334466
4334566
4334669
4334766
4334866
4334965
4335066
4335165
4335265
4335366
4335465
4335565
4335665
4335765
4335865
4335965
4336065
4336165
4336265
4336365
4336465
4336565
4336665
4336764
4336865
4336965
4337064
4337165
4337264
4337364
4337465
4337564
4337665
4337765
4337864
4337965
4338064
4338164
4338265
4338364
4338464
4338565
4338664
4338764
4338865
4338964
4339064
4339164
4339264
4339364
4339464
4339564
4339668
4339764
4339864
4339963
4340064
4340164
4340263
4340364
4340463
4340563
4340664
4340763
4340864
4340964
4341063
4341164
4341263
4341363
4341464
4341563
4341663
4341764
4341865
4341963
4342063
4342163
4342263
4342363
4342463
4342563
4342663
4342763
4342862
4342963
4343063
4343162
4343263
4343363
4343462
4343563
4343662
4343762
4343863
4343962
4344062
4344163
4344262
4344363
4344462
4344562
4344663
4344763
4344862
4344963
4345062
4345162
4345262
4345362
4345462
4345562
4345662
4345761
4345867
4345962
4346061
4346162
4346262
4346361
4346462
4346561
4346661
4346762
4346861
4346961
4347062
4347161
4347261
4347362
4347461
4347561
4347661
4347763
4347862
4347961
4348061
4348161
4348261
4348361
4348461
4348561
4348661
4348761
4348866
4348960
4349061
4349161
4349260
4349361
4349461
4349560
4349661
4349760
4349860
4349961
4350060
4350160
4350261
4350360
4350460
4350560
4350660
4350760
4350860
4350960
4351060
4351160
4351260
4351360
4351460
4351560
4351660
4351760
4351860
4351960
4352060
4352159
4352260
4352360
4352459
4352560
4352660
4352759
4352860
4352959
4353059
4353160
4353259
4353359
4353460
4353559
4353659
4353759
4353859
4353959
4354059
4354159
4354259
4354359
4354459
4354558
4354659
4354759
4354859
4354959
4355058
4355159
4355259
4355358
4355459
4355559
4355658
4355759
4355858
4355961
4356059
4356158
4356258
4356359
4356458
4356558
4356658
4356758
4356858
4356958
4357058
4357158
4357258
4357358
4357457
4357558
4357658
4357757
4357858
4357958
4358057
4358158
4358257
4358358
4358458
4358557
4358658
4358762
4358857
4358958
4359057
4359157
4359258
4359357
4359457
4359558
4359657
4359757
4359857
4359957
4360057
4360157
4360257
4360357
4360457
4360557
4360656
4360757
4360857
4360957
4361057
4361157
4361256
4361357
4361456
4361556
4361657
4361756
4361857
4361957
4362056
4362157
4362256
4362356
4362457
4362556
4362656
4362757
4362856
4362956
4363056
4363156
4363256
4363356
4363456
4363556
4363656
4363756
4363855
4363956
4364056
4364155
4364256
4364356
4364455
4364556
4364655
4364755
4364856
4364955
4365056
4365155
4365255
4365356
4365455
4365555
4365656
4365755
4365855
4365955
4366057
4366155
4366255
4366355
4366455
4366555
4366663
4366754
4366855
4366955
4367054
4367155
4367255
4367354
4367455
4367554
4367654
4367755
4367854
4367954
4368055
4368154
4368254
4368354
4368454
4368555
4368654
4368754
4368855
4368954
4369054
4369154
4369254
4369354
4369454
4369554
4369654
4369754
4369854
4369953
4370054
4370154
4370253
4370354
4370454
4370553
4370654
4370753
4370853
4370954
4371053
4371153
4371254
4371353
4371453
4371553
4371653
4371753
4371856
4371953
4372054
4372153
4372253
4372353
4372453
4372553
4372653
4372753
4372853
4372953
4373053
4373152
4373253
4373353
4373452
4373553
4373653
4373757
4373853
4373952
4374052
4374153
4374252
4374352
4374452
4374552
4374652
4374752
4374852
4374952
4375052
4375152
4375251
4375352
4375452
4375552
4375652
4375755
4375852
4375952
4376051
4376152
4376252
4376351
4376452
4376552
4376651
4376759
4376851
4376951
4377052
4377151
4377251
4377352
4377451
4377551
4377651
4377751
4377851
4377951
4378051
4378151
4378251
4378351
4378450
4378551
4378651
4378750
4378851
4378951
4379051
4379151
4379250
4379351
4379451
4379550
4379651
4379753
4379850
4379951
4380050
4380150
4380251
4380350
4380450
4380551
4380652
4380750
4380853
4380955
4381050
4381150
4381250
4381350
4381450
4381550
4381649
4381750
4381850
4381949
4382050
4382150
4382249
4382350
4382449
4382550
4382650
4382749
4382850
4382950
4383049
4383150
4383249
4383349
4383450
4383549
4383649
4383750
4383849
4383949
4384049
4384149
4384249
4384349
4384449
4384549
4384649
4384749
4384848
4384949
4385049
4385148
4385249
4385348
4385448
4385549
4385653
4385748
4385849
4385948
4386053
4386148
4386248
4386349
4386448
4386548
4386653
4386748
4386848
4386948
4387048
4387148
4387248
4387348
4387448
4387548
4387651
4387747
4387848
4387948
4388047
4388148
4388248
4388347
4388448
4388547
4388647
4388748
4388847
4388947
4389048
4389147
4389248
4389347
4389447
4389548
4389647
4389747
4389848
4389947
4390047
4390147
4390247
4390347
4390447
4390547
4390647
4390747
4390847
4390946
4391047
4391147
4391246
4391347
4391447
4391546
4391647
4391746
4391846
4391947
4392046
4392146
4392247
4392346
4392446
4392546
4392646
4392747
4392846
4392946
4393047
4393146
4393246
4393346
4393446
4393546
4393646
4393746
4393846
4393946
4394046
4394145
4394246
4394346
4394445
4394546
4394645
4394745
4394846
4394945
4395045
4395146
4395245
4395345
4395446
4395545
4395645
4395745
4395845
4395945
4396045
4396145
4396244
4396345
4396445
4396545
4396645
4396745
4396845
4396945
4397044
4397145
4397245
4397344
4397445
4397545
4397644
4397745
4397845
4397944
4398045
4398144
4398244
4398345
4398444
4398544
4398644
4398744
4398844
4398944
4399044
4399144
4399244
4399344
4399443
4399544
4399644
4399744
4399844
4399944
4400044
4400144
4400243
4400344
4400444
4400543
4400644
4400744
4400843
4400944
4401043
4401143
4401244
4401343
4401443
4401544
4401646
4401743
4401844
4401943
4402043
4402143
4402243
4402343
4402443
4402543
4402642
4402743
4402843
4402942
4403043
4403142
4403243
4403343
4403442
4403543
4403643
4403742
4403843
4403942
4404042
4404143
4404242
4404342
4404443
4404542
4404642
4404743
4404842
4404942
4405042
4405142
4405242
4405342
4405442
4405541
4405642
4405742
4405841
4405942
4406042
4406141
4406242
4406341
4406441
4406542
4406641
4406742
4406842
4406941
4407042
4407142
4407241
4407342
4407441
4407541
4407642
4407741
4407841
4407941
4408041
4408141
4408241
4408341
4408441
4408541
4408641
4408740
4408841
4408941
4409040
4409141
4409241
4409340
4409441
4409540
4409640
4409741
4409840
4409940
4410041
4410140
4410241
4410340
4410440
4410541
4410640
4410740
4410841
4410940
4411044
4411140
4411240
4411340
4411440
4411540
4411640
4411740
4411840
4411939
4412040
4412140
4412239
4412340
4412440
4412539
4412640
4412739
4412839
4412940
4413039
4413139
4413240
4413339
4413440
4413539
4413639
4413740
4413839
4413939
4414039
4414139
4414239
4414339
4414439
4414539
4414639
4414739
4414839
4414939
4415039
4415138
4415239
4415339
4415438
4415539
4415638
4415738
4415839
4415938
4416038
4416139
4416238
4416338
4416438
4416538
4416638
4416738
4416838
4416939
4417038
4417138
4417239
4417338
4417438
4417538
4417638
4417743
4417838
4417938
4418037
4418138
4418238
4418337
4418438
4418538
4418637
4418747
4418837
4418937
4419038
4419137
4419237
4419338
4419437
4419537
4419637
4419737
4419837
4419937
4420037
4420137
4420237
4420337
4420436
4420537
4420637
4420737
4420837
4420938
4421037
4421137
4421236
4421337
4421437
4421536
4421637
4421737
4421836
4421937
4422036
4422136
4422237
4422336
4422436
4422537
4422636
4422736
4422836
4422936
4423036
4423136
4423236
4423335
4423536
4423635
4423736
4423836
4423936
4424036
4424135
4424236
4424336
4424435
4424536
4424636
4424735
4424836
4424935
4425035
4425235
4425335
4425436
4425535
4425635
4425735
4425835
4425935
4426040
4426135
4426235
4426335
4426435
4426534
4426635
4426735
4426834
4426935
4427035
4427134
4427235
4427334
4427435
4427535
4427634
4427735
4427835
4427934
4428035
4428134
4428234
4428335
4428434
4428534
4428635
4428734
4428834
4428934
4429034
4429134
4429234
4429334
4429434
4429534
4429634
4429733
4429834
4429934
4430033
4430134
4430234
4430333
4430434
4430533
4430633
4430734
4430833
4430934
4431034
4431133
4431234
4431333
4431433
4431534
4431633
4431733
4431834
4431933
4432033
4432133
4432233
4432333
4432433
4432533
4432633
4432733
4432833
4432932
4433033
4433133
4433232
4433333
4433433
4433532
4433633
4433732
4433832
4433933
4434032
4434132
4434233
4434332
4434433
4434532
4434632
4434733
4434832
4434932
4435032
4435132
4435232
4435332
4435432
4435532
4435632
4435732
4435832
4435932
4436032
4436131
4436232
4436332
4436431
4436532
4436631
4436736
4436832
4436931
4437031
4437132
4437231
4437331
4437431
4437531
4437632
4437731
4437831
4437932
4438031
4438131
4438231
4438331
4438431
4438531
4438631
4438731
4438831
4438931
4439030
4439131
4439231
4439330
4439431
4439531
4439630
4439731
4439831
4439930
4440031
4440130
4440230
4440331
4440430
4440530
4440630
4440730
4440830
4440930
4441030
4441131
4441230
4441330
4441430
4441530
4441630
4441730
4441830
4441930
4442030
4442229
4442330
4442430
4442529
4442630
4442730
4442829
4442930
4443029
4443129
4443230
4443329
4443429
4443530
4443631
4443729
4443829
4443929
4444029
4444129
4444229
4444329
4444429
4444529
4444628
4444729
4444829
4444929
4445029
4445128
4445229
4445329
4445428
4445529
4445629
4445728
4445829
4445928
4446028
4446129
4446228
4446328
4446429
4446528
4446628
4446729
4446828
4446928
4447028
4447128
4447228
4447328
4447428
4447527
4447628
4447728
4447827
4447928
4448028
4448128
4448228
4448327
4448428
4448528
4448627
4448728
4448828
4448927
4449028
4449127
4449227
4449328
4449427
4449527
4449628
4449727
4449827
4449927
4450027
4450127
4450227
4450327
4450427
4450527
4450633
4450726
4450827
4450927
4451030
4451127
4451227
4451326
4451427
4451526
4451627
4451727
4451826
4451927
4452027
4452126
4452227
4452326
4452426
4452527
4452626
4452726
4452827
4452926
4453026
4453126
4453226
4453326
4453426
4453526
4453628
4453726
4453826
4453925
4454026
4454126
4454225
4454326
4454426
4454525
4454626
4454725
4454825
4454926
4455025
4455126
4455226
4455325
4455426
4455525
4455625
4455726
4455825
4455925
4456028
4456125
4456225
4456325
4456425
4456525
4456625
4456725
4456825
4456925
4457025
4457124
4457225
4457325
4457424
4457525
4457624
4457724
4457830
4457924
4458024
4458125
4458224
4458324
4458424
4458524
4458625
4458724
4458824
4458925
4459024
4459124
4459224
4459324
4459424
4459524
4459624
4459724
4459824
4459924
4460024
4460124
4460224
4460323
4460424
4460524
4460623
4460724
4460823
4460923
4461024
4461126
4461223
4461324
4461423
4461523
4461623
4461723
4461824
4461923
4462023
4462124
4462223
4462323
4462423
4462523
4462623
4462723
4462823
4463023
4463123
4463222
4463323
4463423
4463522
4463623
4463723
4463822
4463923
4464022
4464122
4464223
4464322
4464422
4464523
4464622
4464722
4464823
4464922
4465022
4465122
4465222
4465323
4465422
4465522
4465622
4465722
4465822
4465922
4466022
4466122
4466222
4466322
4466421
4466522
4466622
4466721
4466822
4466922
4467021
4467122
4467221
4467321
4467422
4467521
4467621
4467722
4467821
4467921
4468021
4468121
4468221
4468321
4468421
4468520
4468621
4468721
4468820
4468921
4469021
4469121
4469221
4469320
4469421
4469521
4469620
4469721
4469821
4469920
4470021
4470120
4470220
4470321
4470420
4470520
4470621
4470720
4470820
4470921
4471020
4471120
4471220
4471320
4471420
4471520
4471620
4471719
4471820
4471920
4472019
4472120
4472220
4472320
4472420
4472519
4472620
4472720
4472819
4472920
4473020
4473119
4473220
4473319
4473419
4473520
4473619
4473719
4473820
4473919
4474019
4474119
4474219
4474319
4474419
4474519
4474619
4474719
4474819
4474918
4475019
4475119
4475218
4475319
4475419
4475518
4475619
4475718
4475819
4475919
4476018
4476119
4476218
4476318
4476518
4476618
4476719
4476818
4476918
4477019
4477118
4477218
4477318
4477418
4477518
4477618
4477718
4477818
4477918
4478018
4478117
4478218
4478318
4478417
4478518
4478617
4478717
4478818
4478917
4479017
4479118
4479217
4479318
4479417
4479517
4479618
4479717
4479822
4479918
4480017
4480117
4480218
4480317
4480417
4480517
4480617
4480717
4480817
4480918
4481016
4481117
4481217
4481316
4481417
4481517
4481616
4481717
4481817
4481916
4482017
4482116
4482216
4482317
4482416
4482516
4482616
4482716
4482817
4482916
4483016
4483117
4483216
4483316
4483416
4483516
4483616
4483716
4483816
4483916
4484016
4484116
4484215
4484316
4484416
4484515
4484616
4484716
4484818
4484916
4485016
4485115
4485216
4485315
4485415
4485515
4485615
4485715
4485815
4485915
4486016
4486115
4486215
4486316
4486415
4486515
4486615
4486715
4486815
4486915
4487015
4487115
4487215
4487315
4487414
4487515
4487615
4487714
4487815
4487915
4488014
4488115
4488214
4488314
4488415
4488514
4488614
4488714
4488814
4488914
4489014
4489114
4489214
4489314
4489414
4489513
4489614
4489714
4489814
4489914
4490014
4490114
4490214
4490314
4490414
4490514
4490613
4490716
4490814
4490913
4491014
4491113
4491213
4491317
4491413
4491513
4491614
4491713
4491813
4491913
4492013
4492113
4492213
4492313
4492413
4492513
4492613
4492713
4492813
4492913
4493012
4493113
4493213
4493313
4493413
4493512
4493613
4493713
4493812
4493913
4494013
4494112
4494213
4494312
4494412
4494513
4494612
4494712
4494813
4494912
4495012
4495112
4495212
4495312
4495412
4495512
4495612
4495712
4495812
4495911
4496012
4496112
4496211
4496312
4496412
4496512
4496612
4496711
4496812
4496912
4497011
4497112
4497212
4497311
4497412
4497511
4497611
4497712
4497811
4497911
4498012
4498111
4498211
4498311
4498411
4498511
4498611
4498711
4498811
4498911
4499011
4499110
4499211
4499311
4499410
4499511
4499611
4499710
4499811
4499910
4500011
4500111
4500210
