2700276
2700315
2700391
2700432
2701300
2701367
2701441
2701514
2701586
2701617
2701692
2701733
2702290
2702358
2702434
2702475
2703295
2703363
2703438
2703479
2704247
2704315
2704390
2704430
2705234
2705302
2705378
2705419
2706256
2706322
2706396
2706469
2706541
2706567
2706642
2706683
2707310
2707377
2707461
2707494
2708256
2708323
2708399
2708440
2709242
2709310
2709386
2709427
2710297
2710365
2710438
2710477
2711286
2711355
2711427
2711500
2711572
2711598
2711672
2711712
2712302
2712369
2712445
2712485
2713295
2713363
2713439
2713480
2714254
2714316
2714392
2714433
2715285
2715353
2715428
2715469
2716323
2716391
2716464
2716537
2716609
2716635
2716710
2716752
2717293
2717360
2717436
2717477
2718242
2718310
2718384
2718425
2719293
2719361
2719435
2719475
2720231
2720299
2720373
2720413
2721234
2721301
2721375
2721451
2721520
2721555
2721622
2721662
2722315
2722381
2722458
2722499
2723291
2723357
2723434
2723474
2724283
2724350
2724426
2724467
2725249
2725310
2725385
2725425
2726227
2726295
2726369
2726449
2726514
2726539
2726615
2726656
2727233
2727301
2727375
2727415
2728285
2728352
2728428
2728469
2729221
2729288
2729364
2729405
2730254
2730321
2730397
2730438
2731282
2731350
2731423
2731497
2731569
2731599
2731672
2731711
2732269
2732336
2732411
2732452
2733290
2733358
2733432
2733472
2734280
2734347
2734422
2734461
2735215
2735283
2735358
2735399
2736275
2736345
2736416
2736490
2736562
2736592
2736667
2736707
2737296
2737363
2737444
2737480
2738297
2738365
2738444
2738482
2739257
2739324
2739400
2739443
2740252
2740320
2740396
2740448
2741233
2741301
2741374
2741448
2741520
2741551
2741626
2741667
2742275
2742342
2742416
2742457
2743294
2743362
2743442
2743477
2744228
2744296
2744372
2744413
2745273
2745340
2745416
2745457
2746288
2746354
2746428
2746502
2746573
2746604
2746680
2746721
2747229
2747295
2747372
2747412
2748219
2748286
2748360
2748399
2749293
2749360
2749440
2749476
2750215
2750281
2750357
2750398
2751244
2751305
2751379
2751453
2751523
2751554
2751630
2751671
2752289
2752357
2752438
2752474
2753270
2753338
2753414
2753455
2754264
2754342
2754407
2754448
2755270
2755338
2755414
2755454
2756237
2756300
2756374
2756448
2756519
2756550
2756625
2756665
2757266
2757336
2757406
2757447
2758278
2758343
2758419
2758460
2759266
2759335
2759407
2759448
2760210
2760275
2760350
2760390
2761205
2761271
2761345
2761418
2761490
2761521
2761596
2761637
2762218
2762284
2762358
2762398
2763282
2763347
2763423
2763464
2764281
2764347
2764423
2764464
2765218
2765284
2765359
2765399
2766237
2766303
2766376
2766450
2766520
2766551
2766632
2766667
2767256
2767322
2767397
2767438
2768256
2768321
2768396
2768438
2769215
2769280
2769355
2769396
2770223
2770288
2770363
2770403
2771230
2771294
2771367
2771441
2771511
2771542
2771616
2771656
2772257
2772323
2772399
2772440
2773273
2773339
2773414
2773455
2774265
2774330
2774405
2774445
2775271
2775335
2775410
2775450
2776246
2776311
2776384
2776459
2776528
2776558
2776634
2776675
2777251
2777317
2777392
2777434
2778274
2778340
2778414
2778452
2779274
2779339
2779415
2779456
2780262
2780327
2780402
2780442
2781204
2781268
2781342
2781416
2781486
2781516
2781592
2781633
2782214
2782279
2782354
2782394
2783225
2783285
2783361
2783401
2784259
2784325
2784400
2784441
2785269
2785335
2785411
2785452
2786225
2786288
2786361
2786436
2786504
2786535
2786610
2786650
2787208
2787273
2787348
2787390
2788267
2788332
2788407
2788447
2789244
2789310
2789386
2789427
2790203
2790268
2790344
2790385
2791223
2791283
2791357
2791431
2791500
2791526
2791602
2791643
2792194
2792259
2792335
2792376
2793253
2793322
2793394
2793434
2794277
2794343
2794422
2794460
2795262
2795328
2795404
2795445
2796250
2796320
2796388
2796462
2796531
2796557
2796633
2796674
2797194
2797259
2797335
2797376
2798254
2798320
2798395
2798436
2799226
2799293
2799369
2799410
2800278
2800344
2800423
2800456
2801265
2801331
2801404
2801476
2801548
2801572
2801648
2801689
2802252
2802318
2802393
2802434
2803211
2803276
2803352
2803393
2804189
2804254
2804330
2804371
2805258
2805323
2805396
2805436
2806208
2806273
2806346
2806418
2806490
2806516
2806591
2806632
2807240
2807306
2807380
2807420
2808221
2808279
2808354
2808395
2809256
2809321
2809396
2809436
2810235
2810301
2810377
2810418
2811187
2811252
2811325
2811397
2811468
2811494
2811570
2811615
2812203
2812268
2812343
2812385
2813190
2813254
2813330
2813371
2814241
2814307
2814383
2814424
2815237
2815301
2815377
2815419
2816250
2816318
2816390
2816461
2816532
2816558
2816633
2816674
2817249
2817317
2817391
2817432
2818222
2818289
2818365
2818417
2819237
2819305
2819381
2819422
2820211
2820273
2820347
2820387
2821242
2821311
2821383
2821456
2821528
2821554
2821629
2821670
2822238
2822310
2822381
2822422
2823194
2823262
2823336
2823376
2824255
2824323
2824397
2824437
2825193
2825260
2825335
2825376
2826244
2826311
2826385
2826459
2826530
2826556
2826632
2826673
2827191
2827257
2827334
2827374
2828233
2828301
2828376
2828416
2829188
2829255
2829331
2829372
2830200
2830268
2830344
2830385
2831232
2831299
2831373
2831447
2831518
2831544
2831618
2831657
2832228
2832294
2832369
2832409
2833176
2833244
2833319
2833360
2834205
2834267
2834342
2834383
2835210
2835266
2835342
2835383
2836210
2836276
2836349
2836423
2836492
2836517
2836592
2836632
2837226
2837291
2837366
2837408
2838222
2838288
2838363
2838405
2839241
2839306
2839380
2839420
2840220
2840286
2840361
2840403
2841225
2841290
2841364
2841438
2841507
2841532
2841608
2841649
2842236
2842307
2842378
2842419
2843222
2843286
2843362
2843403
2844171
2844236
2844311
2844351
2845221
2845287
2845363
2845404
2846184
2846248
2846322
2846401
2846466
2846491
2846566
2846606
2847234
2847300
2847375
2847416
2848200
2848265
2848340
2848381
2849221
2849286
2849359
2849399
2850189
2850254
2850330
2850371
2851181
2851246
2851319
2851399
2851463
2851488
2851564
2851605
2852229
2852298
2852370
2852411
2853240
2853306
2853382
2853423
2854180
2854246
2854322
2854363
2855166
2855232
2855308
2855349
2856178
2856244
2856316
2856401
2856460
2856497
2856565
2856605
2857174
2857239
2857315
2857356
2858218
2858284
2858359
2858400
2859173
2859238
2859314
2859355
2860187
2860252
2860327
2860369
2861239
2861304
2861378
2861452
2861521
2861551
2861626
2861666
2862214
2862279
2862354
2862395
2863238
2863303
2863379
2863420
2864214
2864279
2864355
2864396
2865199
2865256
2865332
2865373
2866250
2866316
2866393
2866463
2866533
2866563
2866638
2866679
2867220
2867286
2867361
2867402
2868215
2868281
2868357
2868398
2869212
2869277
2869353
2869397
2870215
2870280
2870354
2870394
2871184
2871249
2871323
2871397
2871467
2871496
2871572
2871613
2872195
2872260
2872336
2872377
2873223
2873290
2873363
2873403
2874217
2874283
2874358
2874399
2875160
2875226
2875301
2875342
2876171
2876235
2876309
2876389
2876452
2876489
2876558
2876598
2877159
2877224
2877300
2877341
2878169
2878234
2878308
2878347
2879207
2879271
2879347
2879388
2880172
2880237
2880312
2880352
2881159
2881224
2881298
2881372
2881441
2881472
2881548
2881592
2882207
2882273
2882348
2882392
2883207
2883272
2883347
2883398
2884215
2884291
2884356
2884397
2885206
2885271
2885346
2885391
2886171
2886237
2886310
2886385
2886453
2886478
2886553
2886593
2887212
2887277
2887353
2887394
2888220
2888290
2888361
2888402
2889223
2889287
2889363
2889404
2890167
2890232
2890308
2890349
2891158
2891224
2891297
2891371
2891441
2891465
2891540
2891583
2892154
2892220
2892296
2892337
2893218
2893284
2893359
2893399
2894221
2894286
2894361
2894403
2895181
2895243
2895319
2895360
2896238
2896303
2896381
2896450
2896520
2896545
2896621
2896662
2897217
2897286
2897358
2897399
2898139
2898204
2898281
2898321
2899170
2899234
2899308
2899347
2900172
2900238
2900313
2900355
2901123
2901188
2901262
2901336
2901404
2901430
2901506
2901547
2902140
2902206
2902282
2902323
2903172
2903236
2903312
2903353
2904190
2904256
2904332
2904378
2905209
2905283
2905351
2905392
2906177
2906238
2906312
2906386
2906456
2906480
2906557
2906597
2907165
2907231
2907307
2907347
2908182
2908237
2908313
2908354
2909186
2909251
2909327
2909368
2910189
2910255
2910330
2910375
2911118
2911182
2911256
2911330
2911399
2911425
2911500
2911540
2912123
2912189
2912265
2912306
2913113
2913178
2913254
2913295
2914204
2914279
2914344
2914385
2915193
2915259
2915335
2915379
2916164
2916230
2916303
2916377
2916447
2916478
2916547
2916588
2917147
2917213
2917288
2917329
2918192
2918257
2918332
2918373
2919211
2919276
2919352
2919393
2920172
2920238
2920312
2920352
2921149
2921214
2921288
2921362
2921432
2921457
2921533
2921574
2922146
2922212
2922288
2922329
2923164
2923230
2923304
2923344
2924210
2924275
2924351
2924392
2925209
2925276
2925349
2925389
2926203
2926270
2926343
2926416
2926486
2926511
2926587
2926628
2927144
2927210
2927285
2927325
2928209
2928274
2928350
2928391
2929208
2929273
2929348
2929388
2930189
2930254
2930330
2930371
2931191
2931257
2931331
2931404
2931474
2931500
2931575
2931616
2932150
2932214
2932289
2932329
2933154
2933220
2933295
2933335
2934141
2934207
2934283
2934324
2935206
2935272
2935348
2935389
2936196
2936270
2936335
2936409
2936478
2936503
2936579
2936617
2937141
2937206
2937282
2937323
2938141
2938207
2938283
2938323
2939184
2939249
2939325
2939370
2940182
2940247
2940321
2940364
2941143
2941208
2941282
2941356
2941425
2941450
2941526
2941566
2942143
2942209
2942284
2942325
2943157
2943222
2943295
2943334
2944196
2944263
2944337
2944378
2945205
2945270
2945345
2945385
2946198
2946264
2946336
2946410
2946480
2946505
2946580
2946620
2947185
2947251
2947325
2947367
2948166
2948220
2948295
2948335
2949185
2949250
2949325
2949366
2950172
2950237
2950312
2950353
2951205
2951271
2951345
2951418
2951488
2951519
2951593
2951633
2952202
2952267
2952343
2952384
2953183
2953247
2953322
2953364
2954132
2954198
2954273
2954314
2955158
2955217
2955293
2955334
2956212
2956267
2956341
2956414
2956484
2956515
2956590
2956631
2957137
2957203
2957279
2957320
2958182
2958247
2958323
2958364
2959150
2959215
2959291
2959332
2960191
2960257
2960331
2960373
2961214
2961280
2961356
2961427
2961496
2961521
2961597
2961638
2962164
2962229
2962305
2962345
2963135
2963198
2963273
2963315
2964134
2964198
2964274
2964315
2965185
2965249
2965324
2965365
2966179
2966243
2966317
2966387
2966459
2966482
2966558
2966599
2967174
2967236
2967312
2967354
2968193
2968256
2968330
2968369
2969128
2969192
2969266
2969306
2970201
2970264
2970340
2970381
2971144
2971207
2971281
2971353
2971422
2971457
2971523
2971564
2972183
2972252
2972320
2972361
2973191
2973254
2973330
2973371
2974156
2974218
2974294
2974334
2975199
2975263
2975338
2975378
2976136
2976201
2976275
2976351
2976418
2976444
2976520
2976561
2977183
2977250
2977324
2977363
2978124
2978189
2978265
2978307
2979237
2979263
2979339
2979425
2980165
2980231
2980323
2980348
2981150
2981216
2981289
2981363
2981433
2981457
2981532
2981572
2982169
2982233
2982307
2982348
2983191
2983255
2983330
2983371
2984120
2984182
2984258
2984299
2985117
2985180
2985255
2985296
2986146
2986206
2986279
2986351
2986421
2986446
2986521
2986562
2987125
2987189
2987265
2987305
2988204
2988268
2988346
2988385
2989176
2989245
2989317
2989358
2990194
2990260
2990336
2990376
2991188
2991254
2991328
2991401
2991471
2991501
2991576
2991616
2992191
2992256
2992331
2992372
2993144
2993205
2993280
2993319
2994186
2994251
2994327
2994368
2995120
2995184
2995260
2995301
2996193
2996258
2996332
2996406
2996475
2996505
2996581
2996622
2997118
2997184
2997260
2997301
2998179
2998245
2998321
2998362
2999124
2999190
2999265
2999305
3000180
3000246
3000322
3000363
3001121
3001187
3001261
3001340
3001404
3001446
3001510
3001551
3002128
3002193
3002269
3002310
3003180
3003245
3003320
3003360
3004180
3004246
3004321
3004362
3005128
3005193
3005268
3005309
3006129
3006193
3006267
3006341
3006410
3006441
3006517
3006558
3007116
3007181
3007256
3007296
3008138
3008200
3008276
3008317
3009186
3009252
3009328
3009369
3010155
3010220
3010294
3010337
3011146
3011212
3011286
3011359
3011429
3011459
3011537
3011575
3012167
3012237
3012306
3012347
3013173
3013238
3013314
3013355
3014164
3014230
3014305
3014346
3015164
3015235
3015306
3015347
3016136
3016202
3016274
3016349
3016418
3016449
3016524
3016565
3017171
3017236
3017312
3017353
3018179
3018245
3018320
3018361
3019162
3019234
3019303
3019344
3020109
3020175
3020250
3020290
3021187
3021252
3021326
3021400
3021468
3021499
3021575
3021616
3022136
3022201
3022277
3022318
3023118
3023183
3023259
3023300
3024178
3024243
3024317
3024357
3025157
3025222
3025297
3025337
3026135
3026200
3026274
3026348
3026417
3026447
3026523
3026564
3027131
3027195
3027271
3027312
3028113
3028177
3028253
3028294
3029123
3029188
3029263
3029305
3030142
3030208
3030284
3030330
3031109
3031174
3031247
3031321
3031391
3031421
3031497
3031538
3032108
3032173
3032249
3032290
3033152
3033218
3033293
3033334
3034161
3034228
3034300
3034340
3035160
3035233
3035301
3035342
3036158
3036227
3036298
3036371
3036441
3036472
3036547
3036587
3037101
3037166
3037240
3037279
3038152
3038218
3038294
3038334
3039153
3039218
3039294
3039335
3040163
3040229
3040305
3040346
3041129
3041195
3041267
3041341
3041411
3041441
3041516
3041556
3042114
3042180
3042254
3042294
3043107
3043172
3043248
3043289
3044150
3044215
3044290
3044330
3045147
3045213
3045288
3045329
3046136
3046202
3046276
3046349
3046428
3046444
3046523
3046561
3047142
3047207
3047283
3047324
3048111
3048176
3048252
3048293
3049109
3049174
3049249
3049290
3050100
3050166
3050241
3050280
3051155
3051222
3051294
3051368
3051438
3051462
3051538
3051579
3052128
3052193
3052269
3052310
3053088
3053154
3053230
3053271
3054139
3054203
3054279
3054321
3055159
3055223
3055298
3055338
3056142
3056207
3056281
3056355
3056424
3056449
3056525
3056564
3057140
3057205
3057281
3057325
3058094
3058159
3058235
3058276
3059142
3059208
3059283
3059324
3060143
3060208
3060282
3060324
3061165
3061230
3061304
3061378
3061447
3061473
3061549
3061590
3062098
3062163
3062238
3062278
3063110
3063176
3063251
3063292
3064096
3064162
3064238
3064279
3065158
3065224
3065298
3065338
3066143
3066209
3066281
3066356
3066425
3066450
3066524
3066563
3067099
3067164
3067240
3067281
3068091
3068155
3068231
3068272
3069160
3069225
3069301
3069342
3070118
3070184
3070260
3070301
3071119
3071174
3071248
3071322
3071391
3071417
3071493
3071534
3072106
3072172
3072247
3072288
3073114
3073175
3073250
3073290
3074160
3074226
3074301
3074342
3075137
3075203
3075278
3075319
3076171
3076237
3076318
3076384
3076454
3076478
3076554
3076595
3077144
3077212
3077284
3077326
3078089
3078155
3078231
3078272
3079141
3079217
3079281
3079323
3080131
3080197
3080271
3080315
3081144
3081210
3081282
3081356
3081425
3081451
3081527
3081568
3082148
3082214
3082289
3082331
3083152
3083217
3083293
3083334
3084079
3084144
3084220
3084261
3085092
3085158
3085233
3085273
3086151
3086217
3086290
3086364
3086434
3086458
3086534
3086575
3087135
3087200
3087275
3087333
3088111
3088177
3088252
3088293
3089077
3089141
3089216
3089256
3090126
3090192
3090268
3090312
3091106
3091167
3091239
3091314
3091383
3091408
3091484
3091525
3092096
3092161
3092236
3092276
3093073
3093139
3093215
3093256
3094081
3094146
3094220
3094260
3095145
3095209
3095285
3095326
3096129
3096195
3096267
3096341
3096411
3096436
3096511
3096551
3097134
3097204
3097275
3097316
3098137
3098204
3098277
3098317
3099078
3099144
3099219
3099260
3100103
3100165
3100240
3100281
3101083
3101149
3101222
3101296
3101365
3101390
3101466
3101508
3102118
3102184
3102259
3102303
3103143
3103209
3103284
3103324
3104156
3104222
3104302
3104338
3105139
3105205
3105280
3105321
3106106
3106165
3106239
3106313
3106382
3106408
3106484
3106525
3107123
3107188
3107263
3107306
3108090
3108156
3108231
3108273
3109143
3109209
3109284
3109325
3110099
3110163
3110238
3110278
3111158
3111224
3111305
3111371
3111441
3111471
3111544
3111583
3112103
3112163
3112239
3112280
3113092
3113157
3113232
3113272
3114086
3114150
3114226
3114267
3115090
3115156
3115232
3115273
3116146
3116212
3116285
3116359
3116429
3116459
3116534
3116575
3117134
3117200
3117276
3117317
3118144
3118210
3118284
3118324
3119139
3119205
3119281
3119322
3120088
3120153
3120229
3120270
3121084
3121149
3121223
3121297
3121367
3121397
3121472
3121514
3122095
3122156
3122231
3122273
3123140
3123206
3123281
3123322
3124149
3124214
3124299
3124331
3125104
3125169
3125244
3125285
3126141
3126207
3126281
3126354
3126424
3126455
3126530
3126569
3127139
3127204
3127280
3127321
3128129
3128195
3128270
3128311
3129076
3129142
3129218
3129259
3130143
3130209
3130285
3130326
3131091
3131157
3131231
3131304
3131374
3131405
3131481
3131522
3132083
3132148
3132224
3132265
3133126
3133196
3133267
3133308
3134076
3134142
3134218
3134259
3135077
3135142
3135218
3135259
3136100
3136165
3136239
3136313
3136382
3136413
3136490
3136530
3137100
3137165
3137241
3137282
3138098
3138163
3138238
3138280
3139144
3139210
3139294
3139326
3140142
3140207
3140288
3140324
3141141
3141207
3141280
3141354
3141424
3141448
3141524
3141565
3142155
3142220
3142296
3142337
3143073
3143139
3143215
3143256
3144119
3144187
3144259
3144300
3145118
3145192
3145260
3145300
3146093
3146159
3146232
3146306
3146375
3146400
3146476
3146517
3147121
3147191
3147260
3147301
3148154
3148220
3148295
3148335
3149125
3149191
3149266
3149307
3150085
3150145
3150220
3150260
3151149
3151214
3151290
3151362
3151430
3151456
3151531
3151570
3152072
3152138
3152212
3152252
3153075
3153140
3153216
3153257
3154119
3154188
3154258
3154298
3155048
3155113
3155189
3155230
3156059
3156123
3156197
3156271
3156340
3156366
3156442
3156483
3157071
3157137
3157212
3157252
3158022
3158087
3158162
3158202
3159030
3159096
3159172
3159213
3160134
3160200
3160286
3160316
3161060
3161125
3161199
3161273
3161342
3161368
3161444
3161485
3162036
3162101
3162185
3162218
3163091
3163157
3163233
3163274
3164071
3164137
3164213
3164254
3165119
3165185
3165260
3165301
3166131
3166196
3166270
3166344
3166413
3166438
3166514
3166555
3167059
3167125
3167201
3167242
3168104
3168169
3168245
3168286
3169113
3169182
3169253
3169293
3170124
3170190
3170266
3170307
3171115
3171179
3171253
3171326
3171396
3171422
3171496
3171536
3172115
3172180
3172256
3172297
3173067
3173133
3173209
3173250
3174068
3174133
3174209
3174250
3175101
3175165
3175240
3175280
3176052
3176118
3176192
3176265
3176335
3176359
3176435
3176476
3177049
3177114
3177190
3177231
3178080
3178144
3178220
3178262
3179057
3179121
3179196
3179236
3180053
3180119
3180193
3180235
3181122
3181188
3181261
3181335
3181405
3181429
3181505
3181546
3182050
3182115
3182191
3182232
3183078
3183132
3183207
3183247
3184101
3184173
3184241
3184281
3185101
3185177
3185243
3185284
3186107
3186172
3186246
3186320
3186390
3186414
3186489
3186529
3187117
3187181
3187257
3187298
3188105
3188170
3188246
3188287
3189111
3189177
3189251
3189289
3190107
3190171
3190246
3190286
3191105
3191171
3191244
3191318
3191388
3191413
3191488
3191528
3192074
3192133
3192208
3192248
3193071
3193136
3193210
3193250
3194052
3194117
3194191
3194231
3195103
3195168
3195243
3195284
3196109
3196175
3196249
3196322
3196392
3196418
3196493
3196534
3197048
3197114
3197190
3197231
3198093
3198158
3198234
3198275
3199053
3199119
3199194
3199234
3200044
3200108
3200184
3200225
3201065
3201126
3201200
3201273
3201343
3201368
3201443
3201484
3202102
3202170
3202241
3202281
3203056
3203122
3203197
3203238
3204057
3204122
3204198
3204239
3205091
3205155
3205231
3205272
3206049
3206114
3206188
3206268
3206331
3206364
3206437
3206478
3207094
3207163
3207235
3207276
3208107
3208172
3208248
3208289
3209094
3209167
3209235
3209276
3210098
3210163
3210234
3210275
3211114
3211180
3211252
3211327
3211396
3211426
3211501
3211541
3212093
3212162
3212233
3212275
3213062
3213123
3213199
3213240
3214066
3214125
3214199
3214239
3215060
3215124
3215200
3215241
3216097
3216165
3216235
3216309
3216378
3216409
3216485
3216526
3217089
3217165
3217230
3217271
3218048
3218113
3218188
3218228
3219059
3219121
3219195
3219235
3220110
3220175
3220251
3220292
3221040
3221104
3221178
3221263
3221321
3221347
3221423
3221464
3222037
3222103
3222177
3222217
3223046
3223110
3223185
3223225
3224041
3224105
3224181
3224222
3225084
3225150
3225225
3225265
3226121
3226186
3226262
3226334
3226402
3226428
3226504
3226545
3227041
3227107
3227181
3227219
3228084
3228148
3228224
3228265
3229056
3229115
3229191
3229232
3230102
3230168
3230243
3230284
3231099
3231165
3231239
3231312
3231382
3231407
3231483
3231524
3232108
3232174
3232254
3232290
3233093
3233160
3233234
3233275
3234102
3234167
3234243
3234284
3235007
3235073
3235153
3235189
3236040
3236106
3236179
3236253
3236322
3236358
3236422
3236462
3237092
3237157
3237233
3237274
3238090
3238156
3238231
3238270
3239029
3239095
3239170
3239209
3240053
3240119
3240195
3240236
3241082
3241151
3241222
3241295
3241364
3241390
3241465
3241506
3242029
3242094
3242170
3242211
3243034
3243099
3243173
3243213
3244061
3244127
3244203
3244243
3245034
3245100
3245175
3245216
3246081
3246149
3246220
3246294
3246363
3246394
3246469
3246509
3247095
3247160
3247236
3247278
3248039
3248105
3248180
3248220
3249078
3249154
3249217
3249257
3250056
3250120
3250196
3250237
3251095
3251160
3251233
3251307
3251377
3251407
3251483
3251524
3252058
3252123
3252197
3252238
3253102
3253168
3253246
3253284
3254081
3254147
3254221
3254261
3255093
3255158
3255233
3255273
3256110
3256175
3256249
3256323
3256392
3256423
3256499
3256550
3257023
3257088
3257163
3257204
3258096
3258162
3258237
3258278
3259053
3259118
3259194
3259235
3260078
3260144
3260218
3260258
3261046
3261112
3261186
3261259
3261329
3261360
3261435
3261476
3262087
3262152
3262227
3262267
3263023
3263087
3263163
3263204
3264021
3264087
3264161
3264201
3265015
3265081
3265156
3265196
3266023
3266087
3266161
3266235
3266305
3266335
3266411
3266452
3267084
3267149
3267225
3267266
3268088
3268153
3268228
3268268
3269026
3269092
3269168
3269209
3270079
3270146
3270219
3270261
3271046
3271104
3271178
3271251
3271321
3271352
3271427
3271467
3272071
3272140
3272211
3272252
3273044
3273099
3273174
3273213
3274094
3274160
3274240
3274274
3275064
3275129
3275204
3275244
3276039
3276099
3276173
3276247
3276316
3276347
3276423
3276464
3277076
3277142
3277216
3277256
3278067
3278138
3278209
3278249
3279063
3279128
3279204
3279245
3280043
3280107
3280182
3280222
3281070
3281141
3281209
3281283
3281351
3281382
3281458
3281499
3282027
3282093
3282167
3282207
3283027
3283093
3283168
3283210
3284061
3284126
3284201
3284241
3285014
3285078
3285152
3285192
3286019
3286082
3286156
3286235
3286298
3286335
3286405
3286446
3287010
3287072
3287148
3287189
3288007
3288071
3288144
3288185
3289015
3289078
3289154
3289195
3290054
3290118
3290192
3290233
3291056
3291119
3291193
3291267
3291336
3291366
3291442
3291483
3292069
3292135
3292209
3292248
3293071
3293134
3293210
3293251
3294052
3294116
3294192
3294233
3295068
3295133
3295207
3295248
3296089
3296153
3296236
3296301
3296370
3296401
3296477
3296518
3297013
3297078
3297153
3297192
3298101
3298166
3298242
3298283
3299088
3299153
3299230
3299270
3300060
3300129
3300201
3300242
3301010
3301075
3301149
3301229
3301293
3301317
3301393
3301434
3302063
3302134
3302203
3302245
3303003
3303068
3303144
3303185
3304011
3304077
3304151
3304190
3305061
3305133
3305202
3305243
3306010
3306076
3306149
3306227
3306293
3306317
3306394
3306435
3307027
3307090
3307166
3307207
3308007
3308072
3308145
3308185
3309011
3309077
3309152
3309192
3310026
3310091
3310164
3310203
3311081
3311147
3311243
3311293
3311363
3311388
3311464
3311505
3312030
3312093
3312168
3312209
3313014
3313080
3313156
3313197
3314057
3314129
3314198
3314239
3315066
3315131
3315206
3315246
3316072
3316136
3316210
3316284
3316354
3316379
3316455
3316496
3317053
3317124
3317191
3317230
3318005
3318070
3318146
3318187
3319057
3319122
3319198
3319239
3320051
3320122
3320193
3320233
3321063
3321128
3321202
3321276
3321346
3321370
3321446
3321487
3322065
3322131
3322207
3322248
3323055
3323121
3323196
3323237
3324021
3324087
3324163
3324204
3325010
3325076
3325152
3325193
3326058
3326124
3326197
3326271
3326341
3326365
3326441
3326482
3327020
3327080
3327155
3327195
3328020
3328081
3328157
3328199
3328996
3329060
3329136
3329177
3329994
3330060
3330132
3330171
3331000
3331064
3331138
3331218
3331281
3331307
3331383
3331424
3332055
3332119
3332194
3332234
3333018
3333078
3333152
3333192
3334002
3334068
3334142
3334182
3335056
3335121
3335197
3335238
3336047
3336122
3336186
3336260
3336330
3336355
3336429
3336468
3337054
3337119
3337194
3337234
3338053
3338121
3338193
3338234
3339001
3339067
3339142
3339184
3340085
3340149
3340225
3340266
3341056
3341121
3341195
3341268
3341338
3341364
3341440
3341480
3342060
3342126
3342201
3342242
3343007
3343073
3343149
3343190
3343987
3344053
3344126
3344167
3345007
3345072
3345146
3345186
3346060
3346125
3346199
3346273
3346342
3346368
3346443
3346483
3347041
3347106
3347181
3347221
3348018
3348077
3348151
3348192
3349043
3349112
3349182
3349222
3349995
3350061
3350135
3350175
3350999
3351064
3351138
3351217
3351280
3351311
3351380
3351420
3352025
3352089
3352164
3352204
3353068
3353133
3353216
3353247
3354016
3354082
3354157
3354196
3354999
3355064
3355140
3355181
3356056
3356122
3356195
3356269
3356339
3356363
3356439
3356478
3357053
3357119
3357194
3357234
3358054
3358119
3358195
3358236
3359050
3359116
3359191
3359230
3359993
3360058
3360133
3360173
3361057
3361122
3361196
3361269
3361339
3361364
3361440
3361481
3362065
3362130
3362212
3362245
3363045
3363112
3363185
3363225
3364006
3364068
3364143
3364183
3365013
3365079
3365154
3365195
3365992
3366057
3366131
3366206
3366275
3366310
3366380
3366420
3367043
3367108
3367184
3367225
3368038
3368105
3368179
3368220
3368987
3369053
3369127
3369167
3370004
3370067
3370142
3370182
3371038
3371109
3371176
3371251
3371320
3371351
3371426
3371467
3371991
3372055
3372130
3372171
3373003
3373063
3373138
3373179
3374008
3374062
3374138
3374179
3375016
3375082
3375156
3375195
3376056
3376121
3376195
3376269
3376338
3376369
3376445
3376486
3377045
3377111
3377186
3377227
3378035
3378102
3378173
3378212
3379047
3379111
3379186
3379226
3380001
3380065
3380141
3380182
3381063
3381129
3381206
3381276
3381346
3381377
3381451
3381493
3382051
3382117
3382191
3382230
3383033
3383100
3383175
3383216
3384049
3384114
3384187
3384226
3384983
3385049
3385124
3385165
3385982
3386048
3386122
3386204
3386265
3386299
3386372
3386413
3387003
3387060
3387134
3387174
3388049
3388114
3388189
3388229
3389028
3389103
3389168
3389210
3389990
3390056
3390132
3390173
3391005
3391070
3391151
3391217
3391287
3391318
3391396
3391432
3392050
3392115
3392201
3392232
3393000
3393064
3393140
3393181
3393989
3394055
3394128
3394169
3394996
3395059
3395135
3395176
3395978
3396043
3396117
3396195
3396259
3396285
3396361
3396402
3397031
3397100
3397172
3397212
3398039
3398105
3398180
3398221
3399041
3399106
3399180
3399221
3400057
3400123
3400199
3400240
3401041
3401107
3401181
3401254
3401324
3401349
3401424
3401465
3402023
3402093
3402164
3402204
3402975
3403040
3403115
3403155
3404021
3404097
3404161
3404201
3405027
3405092
3405167
3405207
3406006
3406071
3406145
3406219
3406291
3406313
3406396
3406430
3406936
3407001
3407077
3407118
3407969
3408033
3408108
3408148
3409017
3409083
3409158
3409198
3409999
3410064
3410139
3410179
3411033
3411097
3411171
3411245
3411314
3411340
3411416
3411457
3411996
3412061
3412136
3412177
3413028
3413094
3413169
3413210
3413963
3414044
3414103
3414142
3414975
3415041
3415163
3415170
3415969
3416034
3416108
3416187
3416251
3416276
3416352
3416393
3416963
3417028
3417103
3417143
3417947
3418012
3418087
3418127
3419023
3419088
3419162
3419203
3420038
3420103
3420178
3420218
3421029
3421094
3421167
3421242
3421310
3421336
3421411
3421451
3422023
3422087
3422160
3422201
3423040
3423105
3423178
3423217
3423985
3424050
3424124
3424164
3425034
3425099
3425174
3425214
3426022
3426086
3426160
3426234
3426306
3426331
3426406
3426446
3426970
3427036
3427110
3427150
3427994
3428059
3428133
3428173
3428931
3428996
3429070
3429110
3430016
3430083
3430155
3430195
3430938
3431003
3431083
3431150
3431222
3431247
3431322
3431362
3432011
3432082
3432152
3432192
3432951
3433016
3433091
3433131
3433951
3434016
3434091
3434131
3434989
3435054
3435129
3435170
3435965
3436029
3436103
3436181
3436249
3436274
3436349
3436389
3436943
3437008
3437085
3437125
3437950
3438016
3438092
3438133
3438947
3439011
3439087
3439128
3439942
3440008
3440084
3440122
3440989
3441054
3441128
3441202
3441271
3441297
3441372
3441412
3441998
3442063
3442139
3442180
3442983
3443049
3443125
3443166
3443997
3444063
3444139
3444179
3444997
3445062
3445138
3445179
3445991
3446056
3446130
3446204
3446278
3446298
3446382
3446416
3446982
3447045
3447120
3447161
3447937
3448000
3448077
3448117
3449007
3449081
3449148
3449189
3449955
3450020
3450095
3450135
3451013
3451078
3451152
3451226
3451295
3451320
3451396
3451437
3451934
3451998
3452076
3452114
3452996
3453060
3453135
3453176
3453959
3454024
3454099
3454139
3454935
3455000
3455075
3455115
3455980
3456045
3456118
3456192
3456262
3456287
3456362
3456402
3456943
3457007
3457082
3457122
3457944
3458010
3458084
3458124
3458934
3459000
3459076
3459117
3459946
3460011
3460085
3460125
3460952
3461017
3461091
3461165
3461234
3461265
3461339
3461379
3461979
3462044
3462119
3462159
3462956
3463018
3463094
3463135
3463950
3464015
3464090
3464130
3464983
3465048
3465122
3465162
3466000
3466071
3466139
3466213
3466283
3466313
3466388
3466428
3466984
3467049
3467124
3467169
3467998
3468060
3468136
3468177
3468935
3468997
3469074
3469114
3469984
3470046
3470120
3470162
3470976
3471037
3471111
3471182
3471250
3471275
3471350
3471392
3471986
3472048
3472123
3472168
3472994
3473055
3473131
3473173
3473972
3474032
3474108
3474149
3474921
3474982
3475058
3475099
3475924
3475986
3476060
3476131
3476199
3476224
3476298
3476338
3476980
3477042
3477116
3477156
3477924
3477986
3478066
3478100
3478917
3478978
3479053
3479093
3479938
3479998
3480073
3480113
3480931
3480992
3481065
3481137
3481204
3481230
3481305
3481345
3481922
3481982
3482064
3482099
3482990
3483052
3483127
3483168
3483956
3484017
3484092
3484132
3484923
3484987
3485064
3485102
3485995
3486063
3486131
3486204
3486274
3486300
3486374
3486414
3486980
3487043
3487119
3487168
3487974
3488036
3488112
3488153
3488996
3489062
3489134
3489175
3489937
3490000
3490076
3490117
3490984
3491047
3491121
3491194
3491266
3491290
3491365
3491406
3491971
3492033
3492108
3492148
3492985
3493048
3493124
3493165
3493934
3493997
3494073
3494114
3494932
3494995
3495070
3495110
3495960
3496020
3496094
3496168
3496238
3496268
3496343
3496383
3496971
3497033
3497108
3497148
3497968
3498032
3498107
3498148
3498932
3498995
3499075
3499112
3499984
3500048
3500124
3500165
3500920
3500983
3501058
3501130
3501200
3501231
3501306
3501347
3501928
3501990
3502066
3502107
3502970
3503032
3503108
3503149
3503968
3504029
3504105
3504146
3504909
3504970
3505046
3505087
3505924
3505985
3506059
3506130
3506200
3506230
3506306
3506347
3506969
3507031
3507105
3507147
3507970
3508031
3508107
3508148
3508960
3509020
3509096
3509137
3509967
3510028
3510104
3510145
3510906
3510968
3511042
3511113
3511182
3511213
3511288
3511329
3511973
3512034
3512110
3512154
3512955
3513017
3513093
3513134
3513965
3514027
3514102
3514143
3514902
3514962
3515038
3515079
3515921
3515982
3516056
3516128
3516197
3516227
3516304
3516344
3516923
3516985
3517061
3517102
3517966
3518027
3518103
3518144
3518956
3519016
3519092
3519133
3519916
3519977
3520052
3520094
3520914
3520974
3521051
3521120
3521189
3521220
3521296
3521337
3521955
3522016
3522092
3522132
3522923
3522984
3523059
3523099
3523910
3523974
3524049
3524088
3524918
3524981
3525056
3525096
3525932
3525995
3526069
3526142
3526212
3526243
3526319
3526360
3526968
3527030
3527106
3527149
3527959
3528023
3528098
3528139
3528962
3529024
3529099
3529139
3529967
3530030
3530104
3530147
3530918
3530982
3531056
3531129
3531198
3531229
3531304
3531347
3531991
3532054
3532130
3532171
3532967
3533031
3533107
3533148
3533964
3534027
3534103
3534146
3534982
3535046
3535121
3535162
3535933
3535996
3536070
3536146
3536214
3536263
3536331
3536372
3536932
3536995
3537070
3537110
3537920
3537983
3538057
3538096
3538967
3539031
3539106
3539149
3539969
3540031
3540107
3540148
3540920
3540983
3541057
3541131
3541199
3541243
3541317
3541357
3541926
3541990
3542065
3542105
3542953
3543016
3543091
3543131
3543915
3543977
3544053
3544094
3544912
3544976
3545052
3545093
3545911
3545974
3546047
3546121
3546190
3546232
3546309
3546349
3546907
3546971
3547045
3547085
3547958
3548020
3548096
3548146
3548978
3549041
3549116
3549157
3549984
3550048
3550124
3550164
3550956
3551020
3551093
3551167
3551240
3551279
3551353
3551393
3551901
3551964
3552040
3552078
3552952
3553014
3553090
3553131
3553913
3553977
3554052
3554092
3554963
3555026
3555101
3555179
3555989
3556052
3556126
3556200
3556270
3556306
3556381
3556421
3556959
3557022
3557098
3557139
3557917
3557980
3558055
3558096
3558917
3558979
3559055
3559096
3559968
3560037
3560107
3560147
3560925
3560988
3561062
3561137
3561204
3561241
3561317
3561358
3561959
3562022
3562098
3562139
3562910
3562973
3563047
3563087
3563952
3564014
3564089
3564129
3564912
3564975
3565049
3565089
3565915
3565978
3566052
3566126
3566195
3566235
3566308
3566349
3566916
3566980
3567054
3567094
3567921
3567984
3568058
3568098
3568957
3569020
3569095
3569135
3569948
3570011
3570085
3570125
3570952
3571015
3571089
3571163
3571233
3571257
3571333
3571372
3571948
3572012
3572086
3572126
3572887
3572950
3573024
3573064
3573970
3574037
3574108
3574148
3574885
3574948
3575023
3575063
3575962
3576032
3576099
3576173
3576243
3576268
3576343
3576383
3576937
3576999
3577074
3577114
3577911
3577974
3578049
3578089
3578936
3578999
3579074
3579114
3579896
3579959
3580034
3580073
3580945
3581008
3581082
3581156
3581230
3581250
3581335
3581365
3581903
3581967
3582042
3582082
3582936
3582999
3583074
3583114
3583892
3583955
3584030
3584070
3584887
3584951
3585029
3585065
3585946
3586010
3586083
3586157
3586228
3586251
3586328
3586366
3586881
3586944
3587018
3587058
3587883
3587946
3588021
3588061
3588893
3588954
3589028
3589068
3589897
3589960
3590034
3590074
3590888
3590951
3591026
3591099
3591168
3591193
3591268
3591308
3591944
3592007
3592082
3592126
3592947
3593011
3593086
3593127
3593935
3593999
3594075
3594116
3594942
3595005
3595081
3595125
3595937
3596001
3596075
3596148
3596218
3596242
3596324
3596359
3596933
3596996
3597071
3597111
3597956
3598024
3598093
3598133
3598887
3598951
3599029
3599066
3599953
3600023
3600093
3600134
