3600894
3600958
3601032
3601105
3601174
3601200
3601275
3601323
3601937
3602000
3602075
3602115
3602905
3602968
3603043
3603083
3603966
3604030
3604105
3604145
3604896
3604960
3605035
3605074
3605890
3605953
3606027
3606100
3606170
3606195
3606269
3606309
3606950
3607014
3607089
3607129
3607897
3607960
3608033
3608072
3608942
3609005
3609080
3609125
3609894
3609957
3610032
3610072
3610885
3610948
3611024
3611096
3611165
3611190
3611265
3611304
3611884
3611948
3612022
3612062
3612945
3613007
3613082
3613122
3613901
3613965
3614040
3614082
3614886
3614950
3615026
3615067
3615951
3616022
3616088
3616161
3616231
3616257
3616332
3616373
3616954
3617022
3617093
3617134
3617933
3617996
3618072
3618121
3618927
3618991
3619066
3619107
3619869
3619933
3620008
3620049
3620957
3621021
3621094
3621168
3621236
3621267
3621343
3621384
3621947
3622021
3622086
3622127
3622941
3623004
3623079
3623120
3623942
3624005
3624081
3624122
3624931
3624994
3625069
3625114
3625883
3625947
3626020
3626094
3626164
3626194
3626270
3626318
3626902
3626966
3627041
3627082
3627940
3628003
3628079
3628120
3628882
3628946
3629022
3629063
3629899
3629963
3630039
3630080
3630891
3630953
3631027
3631100
3631170
3631201
3631277
3631318
3631890
3631953
3632028
3632070
3632882
3632945
3633020
3633061
3633945
3634016
3634084
3634125
3634899
3634962
3635038
3635079
3635895
3635958
3636032
3636111
3636175
3636210
3636280
3636320
3636930
3636994
3637069
3637115
3637936
3637998
3638074
3638116
3638941
3639014
3639080
3639121
3639947
3640011
3640086
3640127
3640595
3640659
3640733
3640809
3640875
3640913
3640980
3641020
3641583
3641648
3641722
3641763
3642594
3642658
3642733
3642774
3643593
3643658
3643734
3643773
3644575
3644640
3644715
3644755
3645577
3645641
3645714
3645787
3645855
3645895
3645960
3646000
3646584
3646649
3646722
3646760
3647577
3647641
3647715
3647755
3648575
3648640
3648713
3648753
3649567
3649632
3649707
3649747
3650580
3650644
3650717
3650790
3650859
3650884
3650959
3651005
3651595
3651659
3651734
3651775
3652566
3652630
3652705
3652746
3653571
3653636
3653709
3653749
3654591
3654656
3654729
3654769
3655580
3655645
3655717
3655790
3655860
3655884
3655959
3656020
3656570
3656635
3656710
3656751
3657578
3657643
3657716
3657756
3658576
3658641
3658716
3658757
3659571
3659635
3659711
3659751
3660946
3661011
3661085
3661159
3661228
3661253
3661329
3661370
3661932
3662002
3662071
3662111
3662935
3663001
3663075
3663115
3663941
3664006
3664081
3664122
3664951
3665016
3665092
3665133
3665884
3665949
3666023
3666105
3666165
3666191
3666267
3666308
3666905
3666963
3667039
3667080
3667880
3667946
3668021
3668061
3668929
3669004
3669070
3669111
3669942
3670007
3670083
3670124
3670880
3670945
3671019
3671098
3671162
3671188
3671264
3671305
3671928
3671998
3672069
3672110
3672875
3672940
3673016
3673057
3673875
3673940
3674016
3674057
3674913
3674958
3675034
3675075
3675897
3675963
3676037
3676110
3676180
3676205
3676279
3676319
3676901
3676955
3677031
3677072
3677941
3678007
3678083
3678124
3678925
3679000
3679066
3679107
3679927
3679995
3680067
3680108
3680947
3681012
3681086
3681160
3681228
3681254
3681330
3681371
3681899
3681959
3682035
3682076
3682923
3682994
3683064
3683105
3683945
3684011
3684086
3684127
3684942
3685008
3685084
3685125
3685936
3686001
3686075
3686149
3686218
3686243
3686319
3686360
3686930
3686995
3687071
3687112
3687879
3687945
3688020
3688061
3688879
3688943
3689019
3689060
3689924
3689992
3690064
3690106
3690946
3691012
3691085
3691159
3691229
3691253
3691329
3691370
3691891
3691955
3692030
3692071
3692941
3693006
3693081
3693123
3693879
3693943
3694019
3694061
3694879
3694945
3695020
3695059
3695873
3695938
3696011
3696090
3696154
3696180
3696254
3696294
3696878
3696943
3697018
3697059
3697869
3697935
3698010
3698052
3698919
3698989
3699060
3699101
3699934
3699999
3700075
3700116
3700922
3700993
3701061
3701135
3701204
3701229
3701305
3701346
3701915
3701980
3702054
3702094
3702866
3702932
3703007
3703047
3703934
3704000
3704075
3704115
3704877
3704942
3705017
3705057
3705935
3706001
3706075
3706148
3706218
3706243
3706317
3706357
3706934
3706999
3707073
3707114
3707925
3707991
3708066
3708107
3708936
3709000
3709076
3709117
3709878
3709943
3710018
3710058
3710907
3710972
3711046
3711120
3711190
3711214
3711290
3711331
3711876
3711941
3712017
3712058
3712912
3712984
3713053
3713094
3713866
3713932
3714008
3714049
3714910
3714974
3715050
3715091
3715918
3715984
3716058
3716131
3716201
3716232
3716307
3716348
3716860
3716926
3717001
3717041
3717865
3717931
3718005
3718045
3718858
3718924
3718999
3719038
3719927
3719993
3720069
3720110
3720911
3720986
3721051
3721124
3721194
3721225
3721300
3721341
3721908
3721973
3722049
3722090
3722909
3722980
3723048
3723088
3723864
3723929
3724005
3724046
3724908
3724974
3725048
3725090
3725861
3725927
3726001
3726080
3726143
3726179
3726249
3726290
3726908
3726984
3727049
3727090
3727911
3727979
3728053
3728094
3728884
3728950
3729025
3729072
3729939
3730004
3730080
3730121
3730915
3730980
3731053
3731127
3731196
3731222
3731297
3731337
3731929
3731994
3732070
3732111
3732856
3732922
3732998
3733039
3733896
3733959
3734033
3734077
3734870
3734932
3735008
3735049
3735865
3735928
3736002
3736076
3736145
3736175
3736246
3736286
3736900
3736964
3737038
3737080
3737841
3737904
3737980
3738018
3738860
3738923
3738998
3739039
3739840
3739904
3739979
3740020
3740863
3740925
3740999
3741074
3741143
3741178
3741244
3741285
3741867
3741930
3742006
3742047
3742886
3742950
3743025
3743065
3743903
3743967
3744041
3744081
3744873
3744932
3745007
3745047
3745891
3745954
3746027
3746102
3746172
3746196
3746272
3746311
3746895
3746958
3747034
3747075
3747926
3747989
3748064
3748104
3748909
3748972
3749047
3749087
3749859
3749922
3749997
3750037
3750901
3750971
3751038
3751112
3751182
3751206
3751281
3751321
3751899
3751961
3752036
3752076
3752908
3752971
3753047
3753088
3753848
3753912
3753987
3754027
3754915
3754957
3755033
3755074
3755857
3755921
3755995
3756069
3756137
3756169
3756242
3756282
3756860
3756923
3756998
3757038
3757894
3757958
3758032
3758074
3758868
3758927
3759002
3759042
3759878
3759941
3760016
3760056
3760850
3760914
3760988
3761068
3761131
3761172
3761235
3761275
3761846
3761909
3761983
3762024
3762867
3762929
3763003
3763044
3763909
3763972
3764046
3764086
3764880
3764944
3765019
3765065
3765865
3765923
3765997
3766071
3766140
3766170
3766246
3766286
3766885
3766948
3767023
3767065
3767904
3767967
3768042
3768082
3768904
3768967
3769041
3769081
3769902
3769969
3770040
3770080
3770868
3770923
3770996
3771070
3771140
3771169
3771244
3771284
3771892
3771956
3772029
3772070
3772914
3772979
3773053
3773093
3773912
3773977
3774053
3774094
3774897
3774962
3775034
3775074
3775901
3775967
3776040
3776114
3776184
3776214
3776288
3776328
3776891
3776961
3777032
3777072
3777847
3777910
3777986
3778027
3778881
3778944
3779019
3779061
3779845
3779909
3779984
3780025
3780835
3780898
3780971
3781045
3781114
3781145
3781220
3781260
3781842
3781908
3781984
3782025
3782845
3782909
3782984
3783024
3783830
3783894
3783968
3784008
3784897
3784964
3785037
3785078
3785843
3785907
3785979
3786058
3786123
3786159
3786229
3786275
3786858
3786920
3786995
3787035
3787895
3787961
3788036
3788076
3788908
3788973
3789047
3789087
3789907
3789971
3790046
3790086
3790876
3790940
3791013
3791087
3791157
3791186
3791261
3791301
3791860
3791926
3792001
3792040
3792891
3792956
3793032
3793073
3793910
3793975
3794061
3794092
3794887
3794960
3795026
3795066
3795856
3795921
3795995
3796069
3796137
3796168
3796243
3796283
3796839
3796904
3796979
3797019
3797842
3797908
3797983
3798023
3798893
3798959
3799033
3799073
3799881
3799947
3800022
3800061
3800858
3800912
3800986
3801060
3801129
3801159
3801234
3801274
3801906
3801969
3802044
3802084
3802884
3802952
3803024
3803064
3803838
3803904
3803979
3804020
3804832
3804897
3804973
3805014
3805889
3805955
3806028
3806102
3806172
3806202
3806276
3806316
3806840
3806906
3806981
3807021
3807864
3807929
3808004
3808044
3808883
3808951
3809024
3809063
3809887
3809951
3810026
3810066
3810882
3810955
3811021
3811095
3811165
3811189
3811263
3811302
3811898
3811963
3812039
3812080
3812842
3812908
3812982
3813022
3813888
3813953
3814029
3814070
3814896
3814962
3815036
3815076
3815888
3815954
3816028
3816101
3816171
3816196
3816272
3816313
3816833
3816898
3816974
3817015
3817823
3817888
3817963
3818003
3818821
3818887
3818960
3819000
3819908
3819973
3820047
3820087
3820887
3820951
3821025
3821099
3821168
3821194
3821270
3821310
3821885
3821949
3822024
3822064
3822892
3822957
3823032
3823072
3823872
3823937
3824013
3824054
3824823
3824888
3824963
3825003
3825845
3825909
3825983
3826057
3826126
3826152
3826228
3826269
3826832
3826897
3826971
3827010
3827831
3827897
3827973
3828014
3828878
3828948
3829018
3829058
3829893
3829958
3830033
3830073
3830861
3830925
3830999
3831072
3831143
3831166
3831243
3831279
3831904
3831969
3832047
3832084
3832851
3832916
3832991
3833031
3833872
3833942
3834012
3834052
3834885
3834950
3835024
3835065
3835864
3835926
3836000
3836073
3836146
3836169
3836244
3836285
3836873
3836941
3837015
3837056
3837827
3837891
3837966
3838006
3838804
3838868
3838944
3838985
3839826
3839892
3839967
3840007
3840880
3840946
3841019
3841093
3841163
3841187
3841263
3841304
3841809
3841872
3841947
3841987
3842867
3842932
3843006
3843047
3843873
3843939
3844014
3844054
3844866
3844930
3845005
3845045
3845797
3845861
3845938
3846008
3846078
3846103
3846177
3846217
3846810
3846874
3846948
3846988
3847824
3847889
3847964
3848004
3848780
3848846
3848921
3848961
3849851
3849915
3849990
3850030
3850910
3850916
3850979
3851111
3851122
3851148
3851223
3851300
3851859
3851925
3852000
3852041
3852843
3852906
3852982
3853023
3853796
3853859
3853935
3853976
3854854
3854919
3854993
3855040
3855835
3855896
3855970
3856044
3856113
3856140
3856214
3856252
3856854
3856917
3856992
3857034
3857837
3857900
3857975
3858015
3858855
3858919
3858993
3859034
3859817
3859883
3859958
3859999
3860796
3860859
3860950
3861007
3861076
3861101
3861177
3861218
3861853
3861916
3861992
3862033
3862790
3862853
3862932
3862970
3863853
3863916
3863990
3864037
3864790
3864852
3864936
3864967
3865839
3865903
3865976
3866050
3866120
3866145
3866221
3866262
3866817
3866880
3866955
3866996
3867786
3867850
3867930
3867967
3868811
3868874
3868950
3868991
3869807
3869871
3869946
3869987
3870863
3870929
3871000
3871073
3871142
3871168
3871244
3871285
3871859
3871929
3871998
3872039
3872839
3872903
3872978
3873019
3873854
3873916
3873992
3874033
3874817
3874882
3874957
3874997
3875845
3875908
3875982
3876056
3876127
3876156
3876230
3876269
3876791
3876854
3876929
3876969
3877863
3877932
3878001
3878041
3878862
3878927
3879000
3879040
3879819
3879882
3879957
3879997
3880850
3880913
3880987
3881060
3881131
3881160
3881236
3881277
3881803
3881867
3881944
3881984
3882862
3882928
3883003
3883044
3883814
3883878
3883954
3883995
3884851
3884913
3884989
3885030
3885825
3885886
3885960
3886033
3886103
3886134
3886210
3886251
3886801
3886865
3886941
3886982
3887862
3887928
3888003
3888043
3888844
3888908
3888983
3889022
3889793
3889856
3889932
3889973
3890805
3890869
3890942
3891015
3891085
3891116
3891190
3891230
3891822
3891879
3891954
3891994
3892798
3892861
3892937
3892978
3893864
3893927
3894003
3894044
3894845
3894908
3894984
3895025
3895848
3895912
3895985
3896058
3896128
3896159
3896235
3896275
3896843
3896906
3896981
3897025
3897851
3897920
3897990
3898031
3898849
3898912
3898988
3899029
3899846
3899910
3899985
3900026
3900810
3900873
3900947
3901021
3901090
3901124
3901196
3901237
3901847
3901910
3901985
3902026
3902796
3902859
3902935
3902976
3903865
3903928
3904004
3904045
3904782
3904845
3904921
3904962
3905845
3905908
3905982
3906056
3906125
3906150
3906226
3906267
3906788
3906850
3906926
3906967
3907788
3907852
3907927
3907969
3908831
3908894
3908969
3909009
3909862
3909924
3910000
3910041
3910779
3910843
3910917
3910989
3911059
3911085
3911160
3911201
3911774
3911837
3911915
3911954
3912792
3912855
3912931
3912972
3913793
3913857
3913932
3913973
3914842
3914902
3914978
3915019
3915807
3915871
3915943
3916017
3916087
3916113
3916188
3916229
3916802
3916864
3916940
3916981
3917825
3917888
3917964
3918005
3918826
3918889
3918965
3919012
3919837
3919898
3919974
3920015
3920825
3920886
3920959
3921033
3921102
3921128
3921204
3921245
3921794
3921857
3921933
3921974
3922824
3922884
3922960
3923001
3923821
3923883
3923958
3923999
3924828
3924889
3924964
3925015
3925839
3925901
3925975
3926048
3926116
3926141
3926215
3926256
3926832
3926881
3926957
3926998
3927828
3927888
3927963
3928009
3928784
3928846
3928922
3928963
3929838
3929900
3929974
3930016
3930829
3930891
3930964
3931038
3931113
3931130
3931208
3931245
3931783
3931843
3931919
3931960
3932775
3932836
3932913
3932953
3933795
3933856
3933932
3933973
3934765
3934825
3934907
3934942
3935841
3935911
3935976
3936049
3936116
3936142
3936217
3936257
3936765
3936826
3936912
3936943
3937788
3937852
3937928
3937969
3938821
3938884
3938960
3939011
3939854
3939917
3939993
3940034
3940824
3940887
3940961
3941035
3941110
3941129
3941206
3941243
3941836
3941910
3941974
3942013
3942760
3942823
3942904
3942940
3943827
3943890
3943966
3944007
3944815
3944878
3944953
3944994
3945833
3945896
3945969
3946044
3946113
3946138
3946214
3946255
3946783
3946846
3946921
3946962
3947779
3947842
3947918
3947959
3948771
3948834
3948909
3948949
3949828
3949893
3949969
3950010
3950829
3950895
3950968
3951042
3951112
3951136
3951212
3951253
3951777
3951841
3951916
3951955
3952839
3952905
3952980
3953021
3953837
3953902
3953978
3954019
3954790
3954854
3954930
3954971
3955776
3955841
3955914
3955988
3956058
3956083
3956159
3956200
3956837
3956901
3956977
3957018
3957778
3957843
3957919
3957960
3958788
3958853
3958928
3958968
3959821
3959885
3959961
3960002
3960824
3960889
3960963
3961036
3961106
3961132
3961207
3961248
3961829
3961903
3961970
3962011
3962821
3962887
3962962
3963003
3963799
3963865
3963940
3963981
3964848
3964915
3964997
3965032
3965848
3965916
3965989
3966063
3966135
3966160
3966236
3966277
3966845
3966911
3966987
3967028
3967796
3967857
3967932
3967972
3968795
3968857
3968931
3968971
3969801
3969861
3969937
3969978
3970844
3970912
3970985
3971059
3971130
3971161
3971236
3971277
3971826
3971895
3971970
3972011
3972773
3972841
3972917
3972958
3973826
3973894
3973967
3974008
3974842
3974909
3974985
3975026
3975811
3975878
3975951
3976025
3976098
3976127
3976203
3976244
3976779
3976847
3976923
3976964
3977779
3977846
3977922
3977963
3978782
3978850
3978926
3978967
3979848
3979915
3979992
3980033
3980836
3980904
3980978
3981051
3981122
3981159
3981235
3981276
3981857
3981924
3982001
3982042
3982831
3982899
3982974
3983015
3983791
3983853
3983929
3983970
3984841
3984908
3984990
3985025
3985828
3985896
3985970
3986043
3986115
3986152
3986228
3986269
3986820
3986889
3986962
3987002
3987821
3987894
3987964
3988005
3988765
3988833
3988909
3988950
3989754
3989822
3989898
3989939
3990750
3990816
3990890
3990964
3991035
3991072
3991148
3991189
3991822
3991915
3991965
3992006
3992841
3992908
3992987
3993025
3993788
3993856
3993931
3993972
3994815
3994892
3994958
3994999
3995797
3995865
3995938
3996012
3996086
3996121
3996195
3996235
3996787
3996854
3996931
3996971
3997778
3997845
3997920
3997960
3998767
3998834
3998909
3998949
3999771
3999839
3999915
3999955
4000822
4000889
4000962
4001036
4001107
4001144
4001220
4001261
4001817
4001885
4001959
4001999
4002795
4002863
4002938
4002983
4003813
4003889
4003956
4003997
4004740
4004807
4004883
4004922
4005842
4005909
4005988
4006056
4006128
4006170
4006245
4006285
4006757
4006824
4006900
4006941
4007836
4007904
4007983
4008018
4008835
4008902
4008982
4009017
4009793
4009860
4009935
4009981
4010768
4010835
4010909
4010983
4011055
4011097
4011171
4011211
4011787
4011854
4011929
4011969
4012797
4012865
4012941
4012986
4013759
4013827
4013902
4013943
4014794
4014862
4014938
4014980
4015768
4015836
4015909
4015983
4016055
4016097
4016173
4016214
4016805
4016873
4016949
4016990
4017793
4017859
4017935
4017984
4018751
4018819
4018893
4018933
4019771
4019838
4019914
4019955
4020754
4020822
4020894
4020968
4021040
4021083
4021157
4021198
4021821
4021889
4021962
4022003
4022803
4022871
4022946
4023008
4023812
4023878
4023954
4023995
4024802
4024868
4024943
4024983
4025732
4025799
4025876
4025947
4026017
4026060
4026134
4026176
4026781
4026846
4026923
4026963
4027752
4027819
4027894
4027935
4028746
4028814
4028890
4028931
4029815
4029883
4029959
4030000
4030761
4030829
4030903
4030977
4031048
4031090
4031165
4031205
4031790
4031857
4031932
4031974
4032781
4032847
4032924
4032965
4033790
4033858
4033934
4033979
4034751
4034819
4034894
4034935
4035818
4035886
4035958
4036032
4036104
4036147
4036221
4036262
4036757
4036825
4036900
4036941
4037763
4037830
4037906
4037947
4038817
4038885
4038960
4039000
4039816
4039883
4039959
4040000
4040761
4040827
4040901
4040976
4041047
4041089
4041176
4041205
4041778
4041845
4041921
4041962
4042772
4042839
4042915
4042955
4043784
4043851
4043927
4043970
4044823
4044891
4044975
4045007
4045819
4045887
4045961
4046034
4046106
4046148
4046223
4046263
4046828
4046895
4046969
4047009
4047836
4047903
4047979
4048020
4048801
4048869
4048945
4048986
4049752
4049818
4049894
4049935
4050816
4050883
4050956
4051031
4051101
4051144
4051220
4051261
4051751
4051819
4051894
4051934
4052805
4052873
4052948
4053000
4053782
4053850
4053925
4053966
4054807
4054875
4054950
4054991
4055753
4055821
4055894
4055970
4056039
4056082
4056157
4056199
4056818
4056886
4056966
4057000
4057771
4057834
4057910
4057951
4058765
4058831
4058907
4058948
4059832
4059899
4059975
4060016
4060804
4060871
4060945
4061019
4061090
4061132
4061208
4061249
4061748
4061815
4061891
4061932
4062746
4062814
4062889
4062930
4063748
4063814
4063890
4063931
4064747
4064815
4064890
4064931
4065811
4065879
4065952
4066026
4066098
4066135
4066210
4066251
4066772
4066840
4066916
4066962
4067771
4067838
4067913
4067953
4068774
4068842
4068918
4068967
4069812
4069879
4069961
4069996
4070796
4070862
4070936
4071010
4071081
4071118
4071194
4071235
4071802
4071870
4071946
4071987
4072765
4072833
4072908
4072949
4073799
4073867
4073943
4073984
4074791
4074859
4074935
4074976
4075790
4075859
4075931
4076005
4076077
4076113
4076189
4076230
4076733
4076801
4076876
4076917
4077786
4077858
4077929
4077970
4078724
4078791
4078866
4078906
4079751
4079817
4079893
4079934
4080814
4080880
4080962
4081028
4081099
4081136
4081212
4081257
4081807
4081874
4081949
4081989
4082757
4082824
4082899
4082940
4083743
4083811
4083887
4083928
4084736
4084803
4084879
4084920
4085755
4085818
4085892
4085965
4086037
4086074
4086156
4086191
4086808
4086876
4086956
4086992
4087755
4087821
4087897
4087938
4088738
4088804
4088880
4088921
4089792
4089858
4089933
4089974
4090800
4090865
4090939
4091013
4091082
4091119
4091195
4091236
4091759
4091825
4091899
4091939
4092783
4092854
4092924
4092965
4093753
4093813
4093889
4093930
4094801
4094866
4094941
4094981
4095797
4095861
4095935
4096009
4096078
4096115
4096191
4096232
4096796
4096862
4096937
4096978
4097733
4097799
4097874
4097915
4098742
4098807
4098883
4098924
4099753
4099818
4099894
4099935
4100789
4100854
4100928
4101002
4101071
4101108
4101184
4101225
4101809
4101874
4101950
4101991
4102732
4102798
4102874
4102915
4103792
4103857
4103931
4103971
4104720
4104784
4104860
4104901
4105754
4105815
4105888
4105962
4106031
4106067
4106153
4106184
4106754
4106808
4106884
4106925
4107806
4107872
4107954
4107988
4108722
4108787
4108862
4108904
4109740
4109805
4109881
4109922
4110776
4110848
4110915
4110989
4111058
4111095
4111171
4111212
4111774
4111840
4111915
4111954
4112772
4112837
4112912
4112952
4113801
4113866
4113946
4113983
4114787
4114852
4114928
4114969
4115775
4115846
4115913
4115987
4116057
4116093
4116169
4116210
4116770
4116836
4116912
4116953
4117781
4117846
4117920
4117960
4118720
4118786
4118861
4118902
4119751
4119817
4119892
4119933
4120743
4120803
4120877
4120950
4121020
4121057
4121133
4121174
4121760
4121826
4121902
4121944
4122785
4122851
4122927
4122968
4123723
4123789
4123864
4123904
4124779
4124845
4124920
4124961
4125754
4125819
4125893
4125967
4126042
4126078
4126154
4126195
4126742
4126802
4126878
4126919
4127717
4127782
4127857
4127899
4128743
4128808
4128884
4128925
4129724
4129789
4129865
4129906
4130774
4130840
4130913
4130987
4131056
4131098
4131173
4131213
4131773
4131841
4131913
4131953
4132786
4132850
4132925
4132965
4133766
4133831
4133906
4133946
4134721
4134786
4134860
4134900
4135775
4135840
4135914
4135988
4136057
4136099
4136173
4136212
4136773
4136839
4136914
4136955
4137787
4137852
4137928
4137969
4138763
4138828
4138904
4138945
4139754
4139820
4139895
4139937
4140707
4140773
4140846
4140919
4140989
4141037
4141107
4141148
4141726
4141793
4141868
4141907
4142768
4142836
4142911
4142952
4143783
4143851
4143925
4143966
4144709
4144776
4144854
4144892
4145780
4145848
4145922
4145995
4146067
4146109
4146184
4146224
4146706
4146774
4146849
4146890
4147724
4147791
4147867
4147908
4148715
4148782
4148856
4148896
4149735
4149803
4149878
4149919
4150717
4150784
4150857
4150939
4151003
4151045
4151120
4151161
4151762
4151833
4151906
4151947
4152754
4152821
4152897
4152938
4153754
4153822
4153897
4153938
4154754
4154819
4154894
4154938
4155712
4155778
4155851
4155925
4155994
4156037
4156105
4156145
4156744
4156810
4156886
4156932
4157701
4157766
4157842
4157883
4158754
4158820
4158896
4158937
4159755
4159819
4159896
4159937
4160749
4160815
4160888
4160962
4161036
4161071
4161146
4161187
4161730
4161792
4161867
4161908
4162693
4162758
4162834
4162875
4163745
4163811
4163886
4163930
4164700
4164765
4164840
4164882
4165768
4165833
4165907
4165981
4166050
4166089
4166165
4166206
4166717
4166781
4166857
4166898
4167749
4167815
4167890
4167931
4168688
4168754
4168833
4168870
4169697
4169762
4169838
4169879
4170701
4170767
4170841
4170914
4170983
4171027
4171099
4171140
4171691
4171756
4171832
4171873
4172750
4172816
4172890
4172929
4173787
4173854
4173930
4173971
4174776
4174843
4174918
4174958
4175755
4175831
4175895
4175969
4176040
4176079
4176155
4176196
4176714
4176782
4176858
4176899
4177748
4177816
4177892
4177933
4178696
4178762
4178839
4178879
4179775
4179843
4179917
4179957
4180743
4180810
4180883
4180958
4181028
4181067
4181141
4181180
4181727
4181793
4181868
4181908
4182766
4182834
4182909
4182950
4183728
4183795
4183871
4183912
4184772
4184840
4184915
4184956
4185730
4185797
4185871
4185945
4186021
4186055
4186131
4186172
4186759
4186826
4186902
4186943
4187737
4187804
4187880
4187921
4188708
4188776
4188852
4188893
4189759
4189827
4189901
4189943
4190705
4190773
4190866
4190920
4190991
4191030
4191106
4191147
4191720
4191781
4191857
4191898
4192719
4192781
4192857
4192898
4193724
4193789
4193865
4193906
4194726
4194794
4194870
4194911
4195769
4195835
4195909
4195983
4196055
4196093
4196169
4196210
4196765
4196833
4196909
4196950
4197758
4197825
4197901
4197942
4198768
4198835
4198910
4198952
4199757
4199825
4199901
4199942
4200763
4200829
4200903
4200977
4201049
4201088
4201163
4201204
4201756
4201824
4201900
4201940
4202705
4202773
4202848
4202890
4203749
4203821
4203892
4203933
4204706
4204774
4204850
4204891
4205760
4205828
4205901
4205975
4206046
4206085
4206161
4206201
4206691
4206758
4206834
4206875
4207759
4207826
4207902
4207943
4208690
4208757
4208833
4208874
4209719
4209786
4209862
4209903
4210747
4210831
4210888
4210962
4211034
4211073
4211148
4211189
4211695
4211763
4211837
4211879
4212690
4212757
4212833
4212874
4213687
4213754
4213829
4213871
4214682
4214750
4214825
4214866
4215701
4215768
4215841
4215915
4215987
4216026
4216101
4216142
4216743
4216811
4216887
4216928
4217700
4217767
4217843
4217884
4218696
4218763
4218839
4218880
4219750
4219817
4219893
4219934
4220760
4220827
4220901
4220975
4221046
4221090
4221166
4221210
4221748
4221815
4221891
4221932
4222755
4222823
4222899
4222940
4223691
4223759
4223834
4223876
4224735
4224802
4224878
4224919
4225738
4225813
4225880
4225953
4226025
4226069
4226145
4226186
4226754
4226822
4226897
4226938
4227757
4227823
4227899
4227940
4228754
4228820
4228896
4228937
4229733
4229800
4229876
4229917
4230685
4230753
4230827
4230906
4230972
4231016
4231092
4231133
4231740
4231808
4231883
4231924
4232711
4232768
4232844
4232885
4233710
4233778
4233853
4233894
4234686
4234754
4234829
4234870
4235694
4235761
4235835
4235909
4235980
4236019
4236095
4236136
4236665
4236733
4236809
4236850
4237731
4237804
4237875
4237916
4238674
4238742
4238818
4238859
4239669
4239736
4239812
4239853
4240689
4240756
4240830
4240904
4240975
4241014
4241090
4241131
4241738
4241806
4241882
4241923
4242749
4242817
4242891
4242931
4243741
4243809
4243884
4243923
4244730
4244802
4244873
4244913
4245743
4245810
4245883
4245957
4246029
4246068
4246142
4246182
4246727
4246794
4246868
4246908
4247727
4247794
4247869
4247909
4248692
4248760
4248835
4248875
4249701
4249768
4249843
4249883
4250687
4250755
4250828
4250905
4250974
4251013
4251087
4251127
4251735
4251800
4251875
4251915
4252734
4252800
4252874
4252914
4253690
4253756
4253831
4253871
4254722
4254787
4254862
4254904
4255733
4255799
4255873
4255943
4256016
4256055
4256129
4256169
4256698
4256757
4256832
4256872
4257674
4257738
4257813
4257853
4258715
4258781
4258855
4258903
4259670
4259735
4259810
4259850
4260651
4260716
4260790
4260861
4260933
4260977
4261052
4261097
4261668
4261734
4261809
4261849
4262710
4262775
4262850
4262948
4263740
4263805
4263878
4263917
4264716
4264781
4264855
4264895
4265687
4265752
4265826
4265901
4265969
4266013
4266087
4266126
4266719
4266783
4266857
4266896
4267713
4267778
4267852
4267894
4268720
4268785
4268860
4268900
4269670
4269735
4269810
4269850
4270670
4270738
4270811
4270885
4270956
4271001
4271076
4271115
4271684
4271752
4271826
4271866
4272717
4272785
4272860
4272900
4273705
4273773
4273848
4273893
4274649
4274716
4274792
4274831
4275728
4275810
4275869
4275943
4276015
4276059
4276133
4276173
4276712
4276780
4276854
4276894
4277668
4277736
4277811
4277851
4278679
4278746
4278820
4278860
4279666
4279734
4279808
4279848
4280692
4280760
4280834
4280907
4280978
4281023
4281098
4281138
4281717
4281783
4281858
4281897
4282651
4282716
4282790
4282830
4283708
4283772
4283847
4283889
4284705
4284770
4284845
4284889
4285688
4285769
4285822
4285893
4285972
4286010
4286089
4286164
4286707
4286773
4286864
4286888
4287716
4287780
4287855
4287895
4288720
4288787
4288861
4288901
4289731
4289797
4289871
4289911
4290667
4290733
4290806
4290878
4290950
4290994
4291068
4291108
4291656
4291722
4291796
4291836
4292674
4292739
4292813
4292853
4293713
4293779
4293854
4293894
4294707
4294771
4294846
4294886
4295657
4295723
4295796
4295868
4295940
4295985
4296058
4296098
4296739
4296807
4296890
4296922
4297712
4297785
4297854
4297894
4298651
4298719
4298793
4298833
4299694
4299761
4299836
4299876
4300690
4300755
4300829
4300903
4300973
4301017
4301091
4301131
4301665
4301729
4301804
4301844
4302695
4302759
4302834
4302874
4303632
4303695
4303770
4303810
4304689
4304752
4304827
4304867
4305720
4305786
4305856
4305928
4305997
4306041
4306116
4306156
4306672
4306738
4306812
4306852
4307704
4307769
4307844
4307886
4308663
4308727
4308802
4308842
4309725
4309789
4309864
4309904
4310719
4310785
4310858
4310932
4311002
4311046
4311120
4311160
4311721
4311787
4311862
4311902
4312641
4312707
4312781
4312821
4313648
4313713
4313788
4313828
4314685
4314752
4314827
4314868
4315651
4315718
4315792
4315866
4315937
4315983
4316052
4316093
4316702
4316768
4316844
4316884
4317667
4317732
4317807
4317849
4318683
4318743
4318819
4318860
4319696
4319760
4319836
4319877
4320644
4320707
4320781
4320852
4320922
4320961
4321037
4321078
4321631
4321696
4321781
4321813
4322647
4322712
4322787
4322827
4323690
4323756
4323831
4323875
4324648
4324714
4324789
4324829
4325685
4325750
4325824
4325896
4325967
4326006
4326082
4326123
4326678
4326744
4326818
4326858
4327680
4327737
4327813
4327854
4328685
4328751
4328826
4328867
4329646
4329711
4329787
4329828
4330726
4330792
4330866
4330940
4331012
4331051
4331125
4331165
4331722
4331790
4331866
4331907
4332675
4332742
4332818
4332859
4333704
4333772
4333846
4333887
4334659
4334727
4334802
4334843
4335710
4335777
4335851
4335925
4335996
4336035
4336110
4336150
4336646
4336713
4336787
4336828
4337705
4337773
4337849
4337890
4338675
4338738
4338812
4338852
4339663
4339728
4339804
4339846
4340709
4340774
4340848
4340922
4340990
4341029
4341106
4341146
4341719
4341784
4341860
4341901
4342629
4342692
4342769
4342807
4343641
4343706
4343782
4343823
4344616
4344682
4344758
4344799
4345644
4345709
4345783
4345857
4345926
4345968
4346041
4346082
4346684
4346749
4346825
4346873
4347693
4347758
4347834
4347875
4348682
4348747
4348821
4348860
4349697
4349767
4349838
4349879
4350698
4350767
4350837
4350911
4350981
4351020
4351095
4351136
4351685
4351751
4351824
4351866
4352705
4352771
4352846
4352887
4353671
4353728
4353804
4353845
4354707
4354772
4354846
4354886
4355637
4355702
4355776
4355850
4355919
4355955
4356031
4356073
4356683
4356749
4356825
4356866
4357651
4357716
4357791
4357831
4358691
4358757
4358833
4358874
4359664
4359728
4359803
4359844
4360633
4360698
4360772
4360846
4360915
4360952
4361026
4361068
4361701
4361766
4361842
4361883
4362679
4362743
4362819
4362862
4363648
4363713
4363789
4363830
4364645
4364710
4364786
4364827
4365662
4365722
4365796
4365870
4365938
4365975
4366051
4366092
4366653
4366718
4366794
4366835
4367700
4367766
4367841
4367882
4368661
4368726
4368798
4368837
4369660
4369725
4369799
4369840
4370698
4370764
4370837
4370911
4370980
4371017
4371092
4371132
4371708
4371774
4371850
4371891
4372691
4372759
4372832
4372874
4373686
4373751
4373827
4373868
4374639
4374705
4374780
4374821
4375684
4375749
4375823
4375897
4375966
4376003
4376078
4376118
4376683
4376749
4376824
4376865
4377701
4377765
4377840
4377880
4378642
4378707
4378783
4378824
4379682
4379747
4379823
4379864
4380631
4380696
4380769
4380844
4380912
4380949
4381024
4381064
4381636
4381702
4381777
4381818
4382700
4382766
4382840
4382880
4383696
4383762
4383838
4383879
4384635
4384701
4384775
4384816
4385647
4385713
4385786
4385860
4385929
4385972
4386048
4386088
4386647
4386712
4386788
4386829
4387645
4387710
4387785
4387825
4388690
4388756
4388832
4388873
4389669
4389735
4389811
4389854
4390641
4390705
4390778
4390853
4390922
4390964
4391038
4391078
4391689
4391758
4391828
4391869
4392687
4392753
4392825
4392865
4393669
4393733
4393808
4393852
4394685
4394757
4394823
4394865
4395657
4395719
4395793
4395866
4395935
4395977
4396057
4396095
4396688
4396751
4396825
4396865
4397686
4397751
4397826
4397867
4398690
4398755
4398829
4398870
4399650
4399710
4399783
4399824
4400650
4400712
4400786
4400860
4400929
4400971
4401050
4401086
4401636
4401698
4401774
4401815
4402683
4402754
4402823
4402864
4403689
4403752
4403828
4403869
4404631
4404695
4404770
4404811
4405710
4405775
4405849
4405922
4405994
4406036
4406111
4406153
4406619
4406683
4406759
4406800
4407629
4407694
4407770
4407811
4408620
4408684
4408760
4408801
4409690
4409755
4409831
4409872
4410647
4410710
4410783
4410857
4410927
4410963
4411039
4411080
4411652
4411717
4411792
4411834
4412679
4412746
4412820
4412861
4413692
4413756
4413832
4413873
4414667
4414731
4414806
4414848
4415684
4415748
4415820
4415894
4415962
4415998
4416074
4416115
4416616
4416678
4416754
4416795
4417674
4417737
4417813
4417854
4418673
4418737
4418812
4418853
4419675
4419743
4419814
4419855
4420618
4420681
4420755
4420829
4420896
4420933
4421009
4421050
4421611
4421675
4421750
4421791
4422614
4422677
4422752
4422792
4423662
4423726
4423801
4423842
4424660
4424724
4424800
4424847
4425647
4425700
4425774
4425847
4425915
4425954
4426030
4426071
4426659
4426723
4426798
4426847
4427620
4427683
4427758
4427800
4428610
4428674
4428749
4428790
4429616
4429678
4429754
4429795
4430610
4430672
4430746
4430820
4430887
4430926
4431002
4431043
4431628
4431691
4431767
4431808
4432677
4432744
4432816
4432856
4433654
4433717
4433793
4433844
4434678
4434742
4434817
4434856
4435638
4435695
4435769
4435843
4435910
4435949
4436025
4436066
4436586
4436649
4436725
4436766
4437676
4437739
4437814
4437854
4438674
4438737
4438812
4438853
4439657
4439719
4439795
4439837
4440668
4440736
4440804
4440878
4440945
4440984
4441060
4441101
4441658
4441721
4441797
4441838
4442636
4442696
4442771
4442811
4443626
4443689
4443765
4443806
4444666
4444740
4444806
4444847
4445683
4445749
4445821
4445896
4445965
4446004
4446080
4446120
4446617
4446682
4446756
4446796
4447674
4447736
4447812
4447853
4448619
4448683
4448758
4448799
4449634
4449690
4449766
4449807
4450623
4450689
4450762
4450836
4450906
4450945
4451019
4451059
4451638
4451694
4451770
4451811
4452619
4452683
4452759
4452800
4453622
4453688
4453764
4453805
4454667
4454732
4454808
4454849
4455701
4455766
4455839
4455913
4455983
4456022
4456097
4456138
4456686
4456752
4456832
4456868
4457683
4457749
4457824
4457864
4458668
4458733
4458808
4458848
4459618
4459682
4459758
4459799
4460679
4460744
4460817
4460892
4460960
4460999
4461076
4461116
4461689
4461755
4461831
4461872
4462662
4462730
4462802
4462844
4463667
4463732
4463808
4463849
4464615
4464680
4464756
4464797
4465689
4465755
4465828
4465902
4465972
4466011
4466086
4466128
4466639
4466705
4466781
4466828
4467668
4467734
4467810
4467851
4468613
4468678
4468754
4468795
4469669
4469734
4469810
4469851
4470632
4470690
4470764
4470838
4470907
4470946
4471031
4471061
4471611
4471676
4471751
4471791
4472626
4472686
4472762
4472803
4473637
4473703
4473779
4473826
4474613
4474678
4474753
4474792
4475667
4475732
4475806
4475880
4475950
4475994
4476069
4476110
4476670
4476736
4476812
4476853
4477628
4477692
4477768
4477809
4478682
4478746
4478824
4478859
4479676
4479740
4479816
4479857
4480630
4480695
4480769
4480842
4480912
4480956
4481032
4481073
4481661
4481727
4481803
4481844
4482652
4482727
4482793
4482834
4483628
4483684
4483760
4483801
4484672
4484738
4484813
4484854
4485665
4485728
4485801
4485872
4485944
4485986
4486063
4486103
4486290
4486352
4486428
4486468
4487294
4487357
4487433
4487473
4488290
4488352
4488427
4488468
4489287
4489350
4489424
4489465
4490281
4490344
4490420
4490487
4490558
4490595
4490670
4490711
4491295
4491358
4491433
4491473
4492285
4492348
4492425
4492463
4493295
4493358
4493432
4493473
4494278
4494341
4494418
4494456
4495287
4495349
4495424
4495493
4495563
4495600
4495675
4495718
4496280
4496343
4496418
4496458
4497293
4497355
4497430
4497471
4498301
4498364
4498439
4498479
4499291
4499353
4499429
4499469
