2700152
2700267
2700352
2700452
2700553
2700652
2700752
2700853
2700952
2701052
2701152
2701252
2701352
2701452
2701552
2701651
2701752
2701852
2701952
2702052
2702152
2702252
2702352
2702451
2702552
2702652
2702751
2702852
2702952
2703051
2703152
2703251
2703351
2703452
2703551
2703651
2703751
2703851
2703951
2704051
2704151
2704253
2704351
2704451
2704550
2704651
2704751
2704850
2704951
2705050
2705150
2705251
2705350
2705451
2705551
2705650
2705751
2705850
2705950
2706051
2706150
2706250
2706350
2706450
2706550
2706650
2706750
2706850
2706950
2707050
2707149
2707250
2707350
2707449
2707550
2707650
2707749
2707850
2707949
2708049
2708150
2708249
2708349
2708450
2708549
2708649
2708849
2708950
2709049
2709149
2709249
2709349
2709449
2709549
2709649
2709748
2709849
2709949
2710048
2710149
2710249
2710348
2710449
2710548
2710648
2710749
2710848
2710948
2711048
2711148
2711248
2711348
2711448
2711548
2711648
2711748
2711847
2711948
2712048
2712147
2712248
2712347
2712451
2712548
2712647
2712748
2712848
2712947
2713048
2713147
2713247
2713348
2713447
2713547
2713648
2713747
2713847
2713947
2714047
2714147
2714247
2714347
2714447
2714547
2714647
2714746
2714947
2715046
2715147
2715246
2715346
2715447
2715546
2715646
2715746
2715846
2715947
2716046
2716146
2716247
2716346
2716446
2716546
2716646
2716746
2716846
2716946
2717045
2717146
2717246
2717345
2717446
2717546
2717645
2717746
2717845
2717945
2718046
2718145
2718247
2718346
2718445
2718545
2718645
2718745
2718845
2718945
2719045
2719144
2719245
2719345
2719444
2719545
2719645
2719745
2719845
2719944
2720045
2720145
2720244
2720345
2720445
2720544
2720645
2720744
2720844
2720945
2721044
2721144
2721244
2721344
2721444
2721544
2721644
2721743
2721844
2721944
2722043
2722144
2722244
2722343
2722444
2722543
2722643
2722744
2722843
2722944
2723044
2723143
2723244
2723343
2723443
2723544
2723643
2723743
2723843
2723943
2724043
2724143
2724243
2724343
2724443
2724543
2724642
2724743
2724843
2724942
2725043
2725143
2725242
2725343
2725442
2725542
2725643
2725742
2725842
2725942
2726042
2726142
2726242
2726342
2726443
2726545
2726642
2726742
2726842
2726942
2727042
2727142
2727241
2727342
2727442
2727541
2727642
2727742
2727841
2727942
2728041
2728141
2728242
2728341
2728441
2728541
2728641
2728741
2728841
2728941
2729041
2729141
2729241
2729340
2729441
2729541
2729640
2729741
2729840
2729940
2730041
2730140
2730241
2730341
2730443
2730541
2730640
2730740
2730841
2730940
2731040
2731141
2731240
2731340
2731440
2731540
2731640
2731740
2731840
2731939
2732040
2732140
2732239
2732342
2732440
2732539
2732640
2732739
2732839
2732940
2733039
2733139
2733239
2733339
2733440
2733539
2733639
2733739
2733839
2733939
2734039
2734139
2734239
2734339
2734439
2734539
2734639
2734739
2734838
2734939
2735039
2735138
2735239
2735338
2735438
2735539
2735638
2735738
2735839
2735938
2736038
2736138
2736238
2736338
2736438
2736538
2736637
2736738
2736838
2736937
2737038
2737138
2737238
2737338
2737437
2737538
2737638
2737737
2737937
2738037
2738138
2738237
2738337
2738438
2738537
2738637
2738737
2738837
2738937
2739037
2739137
2739237
2739337
2739437
2739536
2739637
2739737
2739836
2739937
2740036
2740136
2740237
2740336
2740436
2740536
2740636
2740737
2740836
2740936
2741037
2741136
2741239
2741336
2741436
2741536
2741636
2741736
2741836
2741936
2742036
2742135
2742236
2742336
2742435
2742536
2742635
2742735
2742836
2742935
2743035
2743136
2743235
2743335
2743435
2743535
2743635
2743735
2743835
2743934
2744035
2744135
2744239
2744335
2744435
2744535
2744635
2744734
2744835
2744935
2745034
2745135
2745235
2745334
2745435
2745534
2745634
2745735
2745834
2745934
2746034
2746134
2746234
2746334
2746434
2746534
2746634
2746734
2746833
2746934
2747034
2747133
2747234
2747333
2747433
2747534
2747633
2747734
2747834
2747933
2748034
2748133
2748233
2748334
2748433
2748533
2748633
2748733
2748833
2748933
2749033
2749133
2749233
2749333
2749432
2749533
2749633
2749732
2749833
2749933
2750032
2750133
2750232
2750332
2750433
2750532
2750632
2750732
2750832
2750932
2751032
2751132
2751233
2751332
2751432
2751532
2751640
2751732
2751832
2751932
2752031
2752132
2752232
2752331
2752432
2752532
2752631
2752732
2752831
2752931
2753032
2753131
2753231
2753332
2753431
2753531
2753631
2753731
2753831
2753931
2754031
2754130
2754231
2754331
2754430
2754531
2754631
2754731
2754831
2754930
2755031
2755131
2755230
2755331
2755430
2755530
2755631
2755730
2755830
2755931
2756030
2756130
2756230
2756330
2756430
2756530
2756630
2756729
2756830
2756930
2757029
2757130
2757230
2757329
2757430
2757529
2757629
2757730
2757829
2757929
2758029
2758129
2758230
2758329
2758429
2758530
2758629
2758729
2758829
2758929
2759029
2759129
2759229
2759329
2759429
2759529
2759628
2759729
2759829
2759928
2760029
2760128
2760228
2760329
2760428
2760528
2760629
2760728
2760828
2760928
2761028
2761128
2761228
2761328
2761427
2761528
2761628
2761728
2761828
2761928
2762128
2762227
2762328
2762428
2762527
2762628
2762727
2762827
2762928
2763027
2763127
2763228
2763327
2763429
2763527
2763627
2763727
2763827
2763927
2764027
2764127
2764227
2764326
2764429
2764527
2764626
2764727
2764827
2764926
2765027
2765126
2765227
2765327
2765426
2765527
2765626
2765726
2765827
2765926
2766026
2766127
2766226
2766326
2766426
2766526
2766626
2766726
2766826
2766925
2767026
2767126
2767225
2767332
2767426
2767525
2767626
2767725
2767825
2767926
2768025
2768125
2768225
2768326
2768425
2768525
2768726
2768825
2768925
2769025
2769125
2769225
2769325
2769425
2769524
2769625
2769725
2769824
2769925
2770025
2770124
2770229
2770324
2770424
2770525
2770624
2770724
2770824
2770924
2771024
2771124
2771224
2771324
2771424
2771524
2771623
2771724
2771824
2771923
2772024
2772124
2772224
2772333
2772423
2772524
2772624
2772723
2772824
2772923
2773023
2773124
2773223
2773323
2773424
2773523
2773623
2773723
2773823
2773923
2774023
2774123
2774222
2774323
2774423
2774522
2774623
2774723
2774822
2774923
2775022
2775122
2775223
2775322
2775422
2775523
2775622
2775723
2775822
2775922
2776023
2776122
2776222
2776323
2776422
2776522
2776622
2776722
2776822
2776922
2777022
2777121
2777222
2777322
2777421
2777522
2777621
2777721
2777822
2777921
2778021
2778122
2778221
2778321
2778424
2778521
2778621
2778721
2778821
2778921
2779021
2779121
2779220
2779321
2779421
2779521
2779621
2779720
2779821
2779921
2780020
2780121
2780221
2780320
2780421
2780520
2780620
2780721
2780820
2780920
2781020
2781120
2781220
2781320
2781422
2781522
2781620
2781720
2781819
2781920
2782020
2782119
2782220
2782320
2782419
2782520
2782619
2782720
2782820
2782919
2783020
2783120
2783219
2783320
2783419
2783519
2783620
2783719
2783819
2783919
2784019
2784119
2784219
2784319
2784419
2784519
2784619
2784718
2784819
2784919
2785018
2785119
2785218
2785318
2785421
2785518
2785618
2785718
2785818
2785918
2786018
2786118
2786219
2786318
2786418
2786518
2786618
2786718
2786818
2786918
2787017
2787118
2787218
2787317
2787418
2787518
2787617
2787718
2787817
2787917
2788018
2788117
2788217
2788318
2788417
2788517
2788617
2788717
2788817
2788917
2789017
2789117
2789217
2789317
2789416
2789517
2789617
2789716
2789817
2789916
2790017
2790117
2790216
2790317
2790417
2790516
2790617
2790716
2790816
2790917
2791016
2791116
2791216
2791316
2791416
2791516
2791616
2791716
2791816
2791916
2792015
2792116
2792216
2792315
2792416
2792515
2792615
2792716
2792815
2792915
2793016
2793115
2793216
2793315
2793415
2793516
2793615
2793715
2793815
2793915
2794015
2794115
2794215
2794315
2794415
2794515
2794614
2794715
2794815
2794914
2795015
2795115
2795214
2795315
2795414
2795514
2795615
2795714
2795814
2795915
2796014
2796114
2796214
2796314
2796414
2796514
2796614
2796713
2796814
2796914
2797014
2797114
2797214
2797314
2797414
2797513
2797614
2797714
2797813
2797914
2798013
2798113
2798214
2798313
2798413
2798514
2798613
2798713
2798813
2798913
2799013
2799113
2799213
2799312
2799416
2799513
2799612
2799713
2799813
2799912
2800013
2800112
2800212
2800313
2800412
2800513
2800612
2800712
2800813
2800912
2801012
2801113
2801212
2801312
2801413
2801512
2801612
2801712
2801812
2801912
2802012
2802112
2802211
2802312
2802412
2802511
2802612
2802712
2802811
2802912
2803011
2803111
2803217
2803311
2803411
2803511
2803611
2803712
2803811
2803911
2804012
2804111
2804211
2804311
2804411
2804511
2804611
2804711
2804810
2804911
2805011
2805110
2805211
2805311
2805410
2805511
2805610
2805710
2805811
2805910
2806010
2806111
2806213
2806310
2806410
2806510
2806610
2806710
2806810
2806909
2807010
2807110
2807209
2807312
2807410
2807510
2807610
2807709
2807810
2807910
2808009
2808110
2808209
2808309
2808410
2808509
2808609
2808710
2808809
2808909
2809009
2809109
2809209
2809309
2809409
2809509
2809609
2809709
2809808
2809909
2810009
2810108
2810209
2810311
2810408
2810509
2810608
2810708
2810808
2811009
2811108
2811208
2811309
2811508
2811608
2811708
2811808
2811908
2812008
2812108
2812208
2812308
2812407
2812508
2812608
2812707
2812808
2812907
2813007
2813108
2813207
2813307
2813408
2813507
2813607
2813707
2813807
2813907
2814007
2814107
2814208
2814313
2814407
2814507
2814607
2814707
2814807
2814907
2815006
2815107
2815207
2815307
2815407
2815507
2815606
2815707
2815806
2815906
2816007
2816106
2816206
2816306
2816406
2816506
2816606
2816706
2816806
2816906
2817006
2817105
2817206
2817306
2817405
2817506
2817605
2817705
2817806
2817905
2818006
2818106
2818205
2818306
2818405
2818505
2818606
2818705
2818805
2818906
2819005
2819105
2819205
2819310
2819405
2819505
2819605
2819704
2819805
2819905
2820004
2820105
2820205
2820304
2820405
2820504
2820604
2820705
2820804
2820904
2821004
2821104
2821204
2821304
2821404
2821505
2821604
2821704
2821804
2821904
2822004
2822104
2822204
2822304
2822404
2822504
2822603
2822704
2822804
2822903
2823004
2823103
2823203
2823304
2823403
2823503
2823604
2823703
2823803
2823903
2824003
2824103
2824203
2824303
2824403
2824503
2824603
2824702
2824803
2824903
2825003
2825103
2825202
2825303
2825403
2825502
2825603
2825703
2825802
2825903
2826002
2826102
2826203
2826302
2826402
2826503
2826602
2826702
2826802
2826902
2827002
2827102
2827202
2827301
2827402
2827502
2827601
2827702
2827801
2827901
2828002
2828101
2828201
2828307
2828401
2828502
2828601
2828701
2828802
2828901
2829001
2829102
2829201
2829402
2829501
2829601
2829701
2829801
2829900
2830001
2830101
2830205
2830301
2830401
2830500
2830601
2830700
2830800
2830901
2831000
2831100
2831200
2831305
2831400
2831500
2831600
2831700
2831800
2831900
2832000
2832100
2832200
2832301
2832400
2832500
2832600
2832700
2832799
2832900
2833000
2833099
2833200
2833300
2833399
2833500
2833599
2833699
2833800
2833899
2833999
2834199
2834299
2834399
2834499
2834599
2834699
2834799
2834898
2834999
2835099
2835198
2835299
2835398
2835499
2835599
2835698
2835799
2835899
2835998
2836099
2836198
2836298
2836399
2836498
2836598
2836698
2836798
2836898
2836998
2837098
2837198
2837298
2837398
2837497
2837598
2837698
2837797
2837898
2837998
2838097
2838198
2838297
2838397
2838498
2838597
2838697
2838797
2838897
2838998
2839097
2839197
2839298
2839397
2839497
2839597
2839697
2839797
2839897
2839997
2840097
2840197
2840297
2840396
2840497
2840597
2840696
2840797
2840896
2840996
2841097
2841196
2841296
2841397
2841496
2841596
2841696
2841796
2841896
2841996
2842096
2842195
2842296
2842396
2842496
2842596
2842696
2842796
2842896
2842995
2843096
2843196
2843295
2843396
2843496
2843595
2843696
2843795
2843895
2843996
2844095
2844195
2844295
2844395
2844495
2844595
2844695
2844795
2844895
2844995
2845094
2845195
2845295
2845394
2845495
2845594
2845694
2845795
2845894
2845995
2846095
2846194
2846295
2846394
2846496
2846595
2846694
2846794
2846895
2846994
2847094
2847194
2847294
2847394
2847494
2847594
2847694
2847794
2847894
2847993
2848194
2848293
2848394
2848493
2848593
2848694
2848793
2848893
2848993
2849093
2849193
2849293
2849393
2849494
2849593
2849693
2849793
2849893
2849993
2850093
2850195
2850293
2850393
2850493
2850592
2850693
2850793
2850892
2850993
2851092
2851192
2851293
2851392
2851493
2851593
2851692
2851792
2851892
2851992
2852092
2852192
2852292
2852392
2852492
2852592
2852691
2852792
2852892
2852992
2853092
2853191
2853292
2853392
2853491
2853592
2853692
2853791
2853892
2853991
2854091
2854192
2854291
2854391
2854491
2854591
2854691
2854791
2854891
2854991
2855091
2855191
2855290
2855391
2855491
2855590
2855691
2855791
2855890
2855991
2856090
2856190
2856291
2856390
2856491
2856590
2856690
2856791
2856890
2856990
2857091
2857190
2857290
2857390
2857490
2857590
2857690
2857790
2857889
2857990
2858090
2858189
2858290
2858390
2858489
2858590
2858690
2858789
2858890
2858989
2859089
2859189
2859289
2859389
2859489
2859589
2859689
2859789
2859889
2859988
2860089
2860197
2860289
2860389
2860489
2860589
2860689
2860788
2860889
2860989
2861088
2861189
2861288
2861388
2861489
2861588
2861688
2861789
2861888
2861988
2862088
2862188
2862288
2862388
2862488
2862588
2862688
2862788
2862887
2862988
2863088
2863187
2863288
2863387
2863488
2863588
2863687
2863888
2863987
2864088
2864187
2864289
2864388
2864487
2864587
2864687
2864787
2864887
2864987
2865087
2865187
2865287
2865387
2865486
2865587
2865687
2865786
2865887
2865987
2866086
2866187
2866286
2866386
2866487
2866586
2866686
2866786
2866886
2866987
2867086
2867186
2867292
2867386
2867486
2867586
2867686
2867786
2867886
2867986
2868086
2868186
2868291
2868385
2868486
2868586
2868685
2868786
2868885
2868985
2869086
2869185
2869285
2869386
2869485
2869585
2869685
2869785
2869885
2869985
2870085
2870185
2870286
2870385
2870484
2870585
2870685
2870785
2870885
2870984
2871085
2871190
2871284
2871385
2871485
2871584
2871685
2871784
2871884
2871985
2872084
2872184
2872284
2872384
2872484
2872584
2872684
2872784
2872884
2872984
2873083
2873184
2873284
2873383
2873484
2873583
2873683
2873784
2873883
2873984
2874084
2874183
2874289
2874383
2874483
2874584
2874683
2874783
2874884
2874983
2875083
2875183
2875283
2875383
2875483
2875583
2875682
2875783
2875883
2875982
2876183
2876282
2876383
2876482
2876582
2876683
2876782
2876882
2876983
2877082
2877182
2877282
2877382
2877483
2877582
2877682
2877782
2877882
2877982
2878082
2878182
2878282
2878382
2878482
2878581
2878682
2878782
2878881
2878982
2879082
2879181
2879282
2879381
2879481
2879582
2879681
2879781
2879881
2879981
2880081
2880181
2880281
2880381
2880481
2880581
2880680
2880781
2880881
2880980
2881081
2881181
2881281
2881382
2881480
2881581
2881681
2881780
2881881
2881980
2882080
2882181
2882280
2882380
2882481
2882580
2882680
2882780
2882880
2882980
2883080
2883180
2883280
2883403
2883480
2883579
2883680
2883780
2883879
2883980
2884079
2884179
2884280
2884379
2884480
2884579
2884679
2884780
2884879
2884979
2885080
2885179
2885279
2885379
2885479
2885579
2885679
2885779
2885879
2885979
2886079
2886178
2886279
2886379
2886484
2886579
2886678
2886778
2886879
2886978
2887078
2887179
2887283
2887378
2887478
2887578
2887678
2887778
2887878
2887979
2888078
2888178
2888278
2888378
2888478
2888578
2888678
2888777
2888878
2888978
2889077
2889178
2889278
2889377
2889478
2889577
2889677
2889778
2889877
2889977
2890078
2890177
2890277
2890377
2890477
2890577
2890677
2890777
2890876
2890977
2891077
2891176
2891277
2891377
2891476
2891577
2891676
2891777
2891877
2891976
2892077
2892177
2892276
2892377
2892476
2892576
2892677
2892776
2892876
2892976
2893076
2893176
2893276
2893376
2893476
2893576
2893676
2893775
2893876
2893976
2894075
2894176
2894276
2894375
2894476
2894575
2894675
2894776
2894875
2894976
2895075
2895175
2895276
2895375
2895475
2895576
2895675
2895775
2895875
2895975
2896075
2896175
2896275
2896374
2896475
2896575
2896674
2896775
2896875
2896974
2897075
2897174
2897274
2897375
2897474
2897574
2897674
2897774
2897874
2897974
2898074
2898174
2898274
2898374
2898473
2898574
2898674
2898774
2898874
2898974
2899074
2899175
2899273
2899374
2899474
2899573
2899674
2899774
2899873
2899974
2900073
2900177
2900274
2900373
2900473
2900573
2900673
2900773
2900873
2900973
2901072
2901173
2901273
2901372
2901573
2901672
2901773
2901872
2901972
2902073
2902172
2902273
2902373
2902472
2902573
2902672
2902772
2902873
2902972
2903072
2903182
2903272
2903372
2903472
2903572
2903672
2903772
2903872
2903972
2904072
2904172
2904271
2904372
2904472
2904571
2904672
2904871
2904972
2905071
2905171
2905271
2905371
2905472
2905571
2905671
2905772
2905871
2905971
2906071
2906171
2906271
2906371
2906471
2906571
2906671
2906771
2906870
2906971
2907071
2907171
2907271
2907370
2907470
2907571
2907670
2907770
2907871
2907970
2908070
2908170
2908270
2908406
2908470
2908570
2908670
2908770
2908870
2908969
2909070
2909170
2909270
2909373
2909469
2909570
2909670
2909769
2909870
2909970
2910069
2910170
2910269
2910369
2910470
2910569
2910669
2910770
2910869
2910969
2911069
2911169
2911269
2911369
2911469
2911568
2911669
2911769
2911868
2911969
2912069
2912168
2912270
2912368
2912468
2912569
2912668
2912769
2912868
2912968
2913069
2913168
2913268
2913369
2913468
2913568
2913668
2913768
2913868
2913968
2914068
2914168
2914268
2914368
2914467
2914568
2914668
2914767
2914868
2914967
2915067
2915168
2915267
2915367
2915468
2915567
2915667
2915767
2915867
2915968
2916067
2916170
2916268
2916367
2916467
2916567
2916667
2916767
2916867
2916967
2917066
2917167
2917267
2917366
2917467
2917567
2917666
2917767
2917866
2917966
2918067
2918166
2918267
2918367
2918466
2918566
2918666
2918766
2918866
2918966
2919066
2919165
2919266
2919366
2919465
2919566
2919666
2919766
2919866
2919965
2920066
2920166
2920265
2920366
2920465
2920565
2920666
2920765
2920865
2920966
2921065
2921165
2921265
2921368
2921465
2921565
2921665
2921765
2921865
2921965
2922064
2922165
2922265
2922364
2922465
2922565
2922664
2922765
2922864
2922964
2923065
2923169
2923265
2923364
2923464
2923565
2923664
2923764
2923864
2923964
2924064
2924164
2924264
2924364
2924464
2924564
2924663
2924764
2924864
2924963
2925064
2925164
2925263
2925364
2925463
2925563
2925664
2925763
2925863
2925963
2926063
2926163
2926263
2926363
2926464
2926563
2926663
2926763
2926863
2926963
2927063
2927163
2927263
2927363
2927463
2927562
2927663
2927763
2927862
2927963
2928062
2928162
2928263
2928362
2928462
2928563
2928662
2928762
2928862
2928962
2929062
2929162
2929262
2929362
2929462
2929562
2929661
2929762
2929862
2929961
2930062
2930161
2930262
2930362
2930461
2930562
2930662
2930761
2930862
2930961
2931061
2931162
2931263
2931361
2931462
2931561
2931661
2931761
2931861
2931961
2932061
2932161
2932260
2932383
2932461
2932560
2932661
2932761
2932860
2932961
2933060
2933160
2933261
2933360
2933460
2933561
2933660
2933761
2933860
2933960
2934061
2934160
2934260
2934360
2934460
2934560
2934660
2934760
2934860
2934960
2935060
2935159
2935260
2935360
2935459
2935560
2935659
2935759
2935860
2935959
2936059
2936160
2936259
2936359
2936459
2936559
2936659
2936759
2936859
2936960
2937059
2937159
2937259
2937359
2937459
2937559
2937659
2937758
2937859
2937959
2938058
2938159
2938259
2938358
2938459
2938558
2938658
2938759
2938858
2938958
2939058
2939158
2939258
2939358
2939458
2939558
2939658
2939758
2939858
2939958
2940058
2940157
2940258
2940358
2940457
2940558
2940658
2940758
2940858
2940957
2941058
2941158
2941257
2941362
2941457
2941557
2941658
2941757
2941857
2941957
2942057
2942157
2942257
2942357
2942457
2942557
2942657
2942756
2942857
2942957
2943056
2943257
2943356
2943457
2943556
2943656
2943757
2943856
2943956
2944056
2944156
2944257
2944356
2944456
2944557
2944656
2944756
2944856
2944956
2945056
2945156
2945256
2945356
2945456
2945556
2945655
2945756
2945856
2945955
2946056
2946155
2946255
2946356
2946455
2946555
2946656
2946755
2946855
2946955
2947055
2947155
2947260
2947355
2947456
2947555
2947655
2947755
2947855
2947955
2948055
2948155
2948254
2948355
2948455
2948554
2948655
2948755
2948854
2948955
2949054
2949154
2949256
2949354
2949454
2949554
2949654
2949754
2949854
2949954
2950054
2950154
2950254
2950360
2950554
2950653
2950754
2950854
2950953
2951054
2951153
2951254
2951354
2951453
2951554
2951653
2951753
2951854
2951953
2952053
2952154
2952253
2952353
2952453
2952553
2952653
2952753
2952853
2952953
2953053
2953153
2953253
2953353
2953453
2953552
2953653
2953752
2953852
2953953
2954052
2954152
2954253
2954352
2954452
2954552
2954652
2954753
2954852
2954952
2955052
2955152
2955252
2955352
2955452
2955552
2955652
2955752
2955851
2955952
2956052
2956151
2956252
2956352
2956451
2956552
2956651
2956751
2956852
2956951
2957051
2957151
2957251
2957351
2957451
2957551
2957651
2957751
2957851
2957950
2958051
2958151
2958253
2958351
2958451
2958551
2958651
2958750
2958851
2958951
2959050
2959156
2959251
2959350
2959451
2959550
2959650
2959751
2959850
2959950
2960050
2960150
2960250
2960350
2960450
2960550
2960650
2960750
2960849
2960950
2961050
2961149
2961250
2961350
2961449
2961550
2961649
2961750
2961850
2961949
2962050
2962149
2962249
2962352
2962449
2962549
2962650
2962749
2962849
2962949
2963049
2963149
2963249
2963349
2963448
2963549
2963649
2963748
2963849
2963949
2964048
2964149
2964248
2964348
2964449
2964548
2964648
2964749
2964848
2964948
2965048
2965148
2965254
2965348
2965448
2965548
2965648
2965748
2965848
2965948
2966048
2966148
2966248
2966347
2966448
2966548
2966647
2966748
2966847
2966947
2967048
2967147
2967247
2967348
2967447
2967547
2967648
2967747
2967847
2967947
2968047
2968147
2968247
2968347
2968446
2968547
2968647
2968747
2968847
2968946
2969047
2969147
2969246
2969347
2969447
2969546
2969647
2969746
2969846
2969947
2970046
2970146
2970247
2970346
2970446
2970546
2970646
2970746
2970846
2970946
2971046
2971150
2971345
2971446
2971546
2971645
2971746
2971845
2971945
2972046
2972145
2972246
2972346
2972445
2972546
2972645
2972745
2972846
2972945
2973045
2973146
2973245
2973345
2973445
2973545
2973645
2973745
2973845
2973944
2974045
2974145
2974244
2974345
2974445
2974544
2974645
2974744
2974844
2974945
2975044
2975144
2975244
2975344
2975444
2975544
2975745
2975844
2975944
2976044
2976144
2976244
2976344
2976453
2976544
2976644
2976744
2976843
2976944
2977044
2977143
2977244
2977344
2977443
2977544
2977643
2977743
2977844
2977943
2978043
2978143
2978243
2978343
2978443
2978543
2978643
2978743
2978843
2978942
2979043
2979143
2979244
2979344
2979443
2979543
2979643
2979742
2979843
2979943
2980042
2980143
2980243
2980342
2980443
2980542
2980642
2980743
2980842
2980942
2981042
2981142
2981242
2981342
2981442
2981541
2981642
2981742
2981841
2981942
2982042
2982141
2982243
2982341
2982441
2982542
2982641
2982742
2982842
2982941
2983042
2983141
2983241
2983342
2983441
2983541
2983642
2983741
2983841
2983941
2984041
2984241
2984341
2984440
2984541
2984641
2984740
2984841
2984941
2985040
2985141
2985240
2985340
2985441
2985540
2985640
2985740
2985840
2985940
2986040
2986140
2986241
2986340
2986440
2986540
2986640
2986740
2986840
2986940
2987040
2987140
2987240
2987339
2987440
2987540
2987639
2987740
2987840
2987939
2988040
2988139
2988239
2988340
2988439
2988539
2988639
2988739
2988839
2988939
2989039
2989138
2989239
2989339
2989438
2989539
2989639
2989739
2989839
2989939
2990039
2990139
2990238
2990342
2990439
2990538
2990639
2990738
2990838
2990939
2991038
2991138
2991239
2991338
2991438
2991538
2991638
2991738
2991838
2991938
2992037
2992138
2992238
2992337
2992438
2992538
2992637
2992738
2992837
2992937
2993038
2993137
2993238
2993338
2993437
2993538
2993637
2993737
2993838
2993937
2994037
2994137
2994237
2994337
2994437
2994537
2994637
2994737
2994837
2994936
2995037
2995137
2995236
2995337
2995436
2995536
2995637
2995736
2995836
2995937
2996036
2996136
2996236
2996337
2996436
2996536
2996636
2996737
2996836
2996936
2997036
2997136
2997236
2997336
2997436
2997636
2997736
2997835
2997936
2998036
2998135
2998236
2998336
2998435
2998536
2998635
2998735
2998836
2998935
2999035
2999135
2999235
2999335
2999435
2999535
2999634
2999735
2999835
2999934
3000035
3000135
3000235
3000335
3000434
3000535
3000635
3000734
3000835
3000935
3001034
3001135
3001234
3001334
3001435
3001534
3001634
3001735
3001834
3001934
3002034
3002134
3002234
3002334
3002434
3002533
3002634
3002734
3002833
3002934
3003034
3003133
3003234
3003333
3003433
3003534
3003633
3003734
3003834
3003933
3004034
3004133
3004233
3004334
3004433
3004533
3004633
3004733
3004833
3004933
3005033
3005133
3005233
3005333
3005432
3005533
3005633
3005732
3005833
3005932
3006032
3006134
3006232
3006332
3006433
3006532
3006632
3006732
3006832
3006932
3007032
3007132
3007233
3007332
3007432
3007532
3007632
3007732
3007832
3007932
3008032
3008132
3008232
3008331
3008432
3008532
3008631
3008732
3008831
3008931
3009032
3009131
3009231
3009338
3009431
3009531
3009631
3009731
3009831
3009931
3010031
3010131
3010231
3010331
3010430
3010531
3010631
3010731
3010831
3010930
3011031
3011131
3011230
3011331
3011434
3011530
3011631
3011730
3011830
3011931
3012030
3012130
3012231
3012330
3012430
3012530
3012630
3012730
3012830
3012930
3013029
3013130
3013230
3013329
3013430
3013530
3013629
3013730
3013830
3013929
3014030
3014129
3014235
3014330
3014429
3014530
3014629
3014729
3014830
3014929
3015029
3015129
3015229
3015329
3015429
3015529
3015629
3015729
3015829
3015928
3016029
3016129
3016228
3016329
3016429
3016530
3016629
3016728
3016828
3016929
3017028
3017128
3017228
3017328
3017428
3017528
3017628
3017729
3017828
3017928
3018028
3018128
3018228
3018328
3018428
3018528
3018628
3018728
3018827
3018928
3019028
3019127
3019228
3019328
3019427
3019528
3019627
3019727
3019828
3019927
3020027
3020133
3020227
3020327
3020427
3020527
3020627
3020727
3020827
3020926
3021027
3021127
3021227
3021331
3021426
3021527
3021627
3021726
3021827
3021927
3022026
3022127
3022226
3022326
3022427
3022526
3022626
3022727
3022826
3022926
3023026
3023126
3023226
3023326
3023426
3023525
3023626
3023726
3023825
3023926
3024026
3024125
3024226
3024325
3024425
3024526
3024625
3024726
3024826
3024925
3025026
3025125
3025228
3025326
3025425
3025525
3025626
3025725
3025825
3025925
3026025
3026125
3026225
3026325
3026424
3026529
3026625
3026724
3026825
3026925
3027024
3027125
3027224
3027324
3027425
3027524
3027624
3027724
3027824
3027924
3028024
3028124
3028225
3028324
3028424
3028524
3028624
3028724
3028824
3028924
3029023
3029128
3029224
3029323
3029424
3029524
3029623
3029724
3029823
3029923
3030024
3030123
3030223
3030324
3030423
3030523
3030623
3030723
3030823
3030923
3031023
3031223
3031327
3031428
3031523
3031623
3031723
3031823
3031922
3032023
3032123
3032222
3032323
3032423
3032522
3032623
3032722
3032822
3032923
3033022
3033122
3033223
3033322
3033422
3033522
3033622
3033722
3033822
3033922
3034021
3034122
3034222
3034321
3034422
3034522
3034621
3034722
3034821
3034921
3035022
3035121
3035222
3035322
3035421
3035522
3035621
3035721
3035822
3035921
3036021
3036121
3036221
3036321
3036421
3036521
3036621
3036721
3036821
3036920
3037021
3037121
3037220
3037321
3037421
3037520
3037621
3037720
3037820
3037921
3038020
3038120
3038223
3038320
3038420
3038520
3038620
3038721
3038820
3038920
3039020
3039120
3039228
3039320
3039420
3039520
3039620
3039720
3039819
3039920
3040020
3040119
3040220
3040320
3040419
3040520
3040619
3040719
3040820
3040919
3041019
3041119
3041219
3041319
3041419
3041522
3041619
3041719
3041819
3041918
3042019
3042120
3042219
3042319
3042418
3042519
3042619
3042718
3042819
3042919
3043018
3043119
3043218
3043318
3043419
3043518
3043618
3043719
3043818
3043918
3044018
3044118
3044220
3044318
3044418
3044518
3044618
3044718
3044817
3044918
3045018
3045117
3045218
3045317
3045417
3045518
3045617
3045718
3045818
3045917
3046018
3046117
3046217
3046318
3046417
3046517
3046618
3046717
3046817
3046917
3047017
3047117
3047217
3047317
3047416
3047517
3047617
3047716
3047817
3047917
3048016
3048117
3048216
3048316
3048417
3048516
3048616
3048717
3048816
3048916
3049016
3049116
3049217
3049316
3049416
3049517
3049616
3049716
3049816
3049916
3050016
3050116
3050216
3050316
3050416
3050516
3050615
3050716
3050816
3050915
3051016
3051115
3051215
3051316
3051415
3051515
3051615
3051715
3051815
3051915
3052015
3052115
3052215
3052315
3052414
3052515
3052615
3052715
3052815
3052914
3053015
3053115
3053214
3053315
3053415
3053514
3053615
3053714
3053814
3053915
3054014
3054114
3054215
3054314
3054414
3054514
3054614
3054714
3054814
3054914
3055014
3055114
3055214
3055313
3055414
3055514
3055613
3055714
3055813
3055913
3056014
3056113
3056214
3056314
3056413
3056514
3056613
3056713
3056814
3056913
3057013
3057114
3057213
3057313
3057413
3057513
3057613
3057713
3057813
3057913
3058013
3058113
3058212
3058313
3058413
3058512
3058613
3058712
3058812
3058913
3059012
3059112
3059213
3059312
3059412
3059512
3059612
3059713
3059812
3059912
3060013
3060112
3060214
3060312
3060412
3060512
3060612
3060712
3060811
3060912
3061012
3061111
3061212
3061312
3061411
3061512
3061611
3061711
3061812
3061911
3062011
3062112
3062211
3062311
3062411
3062511
3062611
3062711
3062811
3062912
3063011
3063116
3063211
3063311
3063411
3063511
3063611
3063710
3063811
3063911
3064010
3064111
3064210
3064310
3064411
3064510
3064610
3064711
3064810
3064910
3065011
3065110
3065210
3065310
3065410
3065510
3065610
3065710
3065809
3065910
3066010
3066109
3066214
3066310
3066409
3066510
3066609
3066710
3066810
3066909
3067010
3067109
3067209
3067310
3067409
3067509
3067610
3067709
3067809
3067909
3068009
3068109
3068209
3068309
3068409
3068509
3068609
3068708
3068809
3068909
3069008
3069109
3069208
3069308
3069409
3069508
3069608
3069709
3069808
3069908
3070008
3070108
3070209
3070308
3070408
3070509
3070608
3070708
3070808
3070908
3071008
3071108
3071208
3071308
3071408
3071508
3071607
3071708
3071808
3071907
3072008
3072112
3072207
3072308
3072407
3072507
3072608
3072707
3072807
3072907
3073007
3073107
3073207
3073307
3073408
3073507
3073607
3073707
3073807
3073907
3074007
3074107
3074206
3074308
3074407
3074506
3074607
3074707
3074806
3074907
3075006
3075106
3075208
3075306
3075406
3075506
3075606
3075706
3075806
3075906
3076006
3076106
3076206
3076306
3076406
3076605
3076706
3076806
3076905
3077006
3077105
3077206
3077306
3077405
3077506
3077605
3077705
3077806
3077905
3078005
3078106
3078205
3078305
3078405
3078505
3078605
3078705
3078805
3078905
3079005
3079105
3079204
3079305
3079405
3079504
3079605
3079705
3079804
3079905
3080004
3080104
3080205
3080304
3080404
3080504
3080604
3080705
3080804
3080904
3081005
3081104
3081204
3081304
3081404
3081504
3081604
3081704
3081804
3081904
3082004
3082103
3082204
3082304
3082403
3082504
3082603
3082703
3082804
3082903
3083003
3083203
3083303
3083403
3083503
3083603
3083703
3083803
3083904
3084103
3084203
3084303
3084403
3084503
3084603
3084702
3084803
3084903
3085002
3085103
3085203
3085302
3085403
3085502
3085602
3085703
3085802
3085902
3086003
3086102
3086202
3086302
3086402
3086502
3086602
3086702
3086802
3086902
3087002
3087101
3087206
3087302
3087401
3087502
3087601
3087702
3087802
3087901
3088002
3088102
3088201
3088302
3088401
3088501
3088602
3088701
3088801
3088902
3089001
3089101
3089201
3089301
3089401
3089501
3089601
3089701
3089801
3089901
3090000
3090101
3090201
3090300
3090401
3090500
3090600
3090701
3090800
3090900
3091001
3091100
3091201
3091300
3091400
3091501
3091600
3091700
3091800
3091900
3092000
3092106
3092200
3092300
3092400
3092500
3092599
3092700
3092800
3092899
3093000
3093100
3093199
3093300
3093399
3093499
3093600
3093699
3093799
3093899
3093999
3094099
3094199
3094299
3094400
3094499
3094599
3094699
3094799
3094899
3094999
3095099
3095199
3095299
3095399
3095498
3095599
3095699
3095798
3095899
3095999
3096098
3096200
3096299
3096398
3096499
3096598
3096698
3096798
3096898
3096998
3097098
3097198
3097298
3097398
3097498
3097597
3097698
3097798
3097897
3097998
3098098
3098198
3098298
3098397
3098498
3098598
3098697
3098798
3098897
3098997
3099098
3099197
3099297
3099398
3099497
3099597
3099697
3099797
3099897
3099997
3100097
3100197
3100297
3100397
3100496
3100597
3100697
3100796
3100897
3100997
3101096
3101197
3101301
3101396
3101497
3101596
3101697
3101796
3101896
3101997
3102096
3102196
3102297
3102396
3102496
3102596
3102696
3102796
3102896
3102996
3103095
3103196
3103296
3103395
3103496
3103596
3103695
3103796
3103895
3103995
3104096
3104195
3104295
3104396
3104495
3104595
3104695
3104795
3104896
3104995
3105095
3105196
3105295
3105395
3105495
3105595
3105695
3105795
3105895
3105995
3106095
3106195
3106294
3106395
3106495
3106594
3106695
3106794
3106894
3106995
3107094
3107194
3107295
3107394
3107494
3107594
3107694
3107794
3107894
3107994
3108096
3108194
3108393
3108494
3108594
3108694
3108794
3108893
3108994
3109094
3109193
3109294
3109394
3109493
3109594
3109693
3109793
3109894
3109993
3110093
3110194
3110293
3110393
3110493
3110593
3110693
3110793
3110893
3110992
3111093
3111193
3111292
3111393
3111493
3111592
3111693
3111792
3111892
3111993
3112092
3112193
3112293
3112392
3112493
3112592
3112692
3112793
3112892
3112992
3113098
3113192
3113292
3113392
3113492
3113592
3113692
3113792
3113891
3113992
3114092
3114191
3114292
3114392
3114491
3114592
3114691
3114791
3114892
3114991
3115101
3115191
3115291
3115392
3115491
3115591
3115692
3115791
3115891
3115991
3116091
3116191
3116291
3116391
3116491
3116591
3116691
3116790
3116891
3116991
3117090
3117191
3117291
3117390
3117491
3117590
3117690
3117791
3117890
3117990
3118090
3118190
3118290
3118390
3118490
3118590
3118690
3118790
3118889
3118990
3119090
3119190
3119290
3119390
3119490
3119590
3119689
3119790
3119890
3119989
3120094
3120190
3120289
3120390
3120489
3120589
3120690
3120789
3120889
3120989
3121090
3121189
3121289
3121389
3121489
3121589
3121689
3121788
3121889
3121989
3122088
3122189
3122288
3122388
3122489
3122588
3122689
3122789
3122888
3122989
3123088
3123188
3123289
3123388
3123488
3123589
3123688
3123788
3123888
3123988
3124088
3124188
3124288
3124388
3124488
3124588
3124687
3124788
3124888
3124987
3125088
3125187
3125292
3125388
3125487
3125587
3125688
3125787
3125888
3125987
3126087
3126188
3126287
3126387
3126488
3126587
3126687
3126787
3126887
3126987
3127087
3127187
3127287
3127387
3127487
3127586
3127687
3127787
3127886
3127987
3128086
3128186
3128287
3128386
3128486
3128587
3128686
3128786
3128886
3128986
3129086
3129186
3129286
3129387
3129486
3129586
3129686
3129786
3129886
3129986
3130086
3130185
3130291
3130386
3130485
3130586
3130686
3130785
3130886
3130985
3131085
3131186
3131285
3131385
3131486
3131585
3131685
3131785
3131885
3131985
3132093
3132185
3132285
3132385
3132485
3132584
3132685
3132785
3132884
3132985
3133084
3133185
3133285
3133384
3133485
3133585
3133684
3133785
3133884
3133984
3134085
3134184
3134284
3134385
3134484
3134584
3134684
3134784
3134884
3134984
3135084
3135183
3135284
3135384
3135483
3135584
3135684
3135783
3135884
3135983
3136083
3136184
3136283
3136388
3136484
3136583
3136684
3136783
3136883
3136984
3137083
3137183
3137288
3137383
3137483
3137583
3137683
3137783
3137883
3137983
3138082
3138183
3138285
3138382
3138483
3138582
3138682
3138783
3138882
3138982
3139083
3139182
3139282
3139383
3139482
3139582
3139682
3139782
3139883
3139982
3140082
3140182
3140282
3140382
3140482
3140582
3140782
3140882
3140981
3141082
3141182
3141285
3141382
3141482
3141581
3141682
3141781
3141881
3141982
3142081
3142181
3142282
3142381
3142481
3142581
3142681
3142781
3142881
3142981
3143080
3143181
3143281
3143380
3143481
3143581
3143681
3143781
3143880
3143981
3144081
3144180
3144281
3144380
3144480
3144581
3144680
3144780
3144881
3144980
3145080
3145180
3145280
3145380
3145480
3145580
3145680
3145780
3145880
3145979
3146080
3146180
3146279
3146381
3146482
3146579
3146680
3146779
3146880
3146980
3147079
3147180
3147279
3147379
3147480
3147579
3147679
3147780
3147879
3147979
3148079
3148179
3148279
3148379
3148479
3148579
3148679
3148779
3148878
3148979
3149079
3149178
3149279
3149379
3149478
3149579
3149678
3149778
3149879
3149978
3150078
3150178
3150278
3150379
3150478
3150578
3150679
3150778
3150878
3150978
3151078
3151178
3151278
3151378
3151478
3151578
3151678
3151777
3151878
3151978
3152078
3152178
3152277
3152377
3152478
3152577
3152677
3152778
3152877
3152977
3153081
3153177
3153277
3153377
3153477
3153576
3153677
3153777
3153876
3153977
3154077
3154177
3154277
3154376
3154477
3154577
3154676
3154777
3154877
3154976
3155077
3155176
3155276
3155377
3155476
3155576
3155677
3155776
3155876
3155976
3156076
3156176
3156277
3156376
3156475
3156576
3156676
3156775
3156876
3156976
3157078
3157176
3157275
3157376
3157476
3157575
3157676
3157776
3157875
3157976
3158075
3158175
3158276
3158375
3158475
3158576
3158675
3158775
3158875
3158975
3159075
3159178
3159275
3159374
3159475
3159575
3159674
3159775
3159875
3159974
3160075
3160174
3160274
3160375
3160474
3160574
3160675
3160774
3160875
3160974
3161074
3161175
3161279
3161374
3161474
3161574
3161674
3161774
3161874
3161974
3162074
3162174
3162273
3162374
3162474
3162573
3162674
3162774
3162873
3162974
3163073
3163173
3163279
3163373
3163473
3163574
3163673
3163773
3163873
3163973
3164078
3164173
3164273
3164372
3164473
3164573
3164673
3164773
3164873
3164973
3165073
3165172
3165273
3165373
3165472
3165573
3165673
3165772
3165873
3165972
3166072
3166173
3166275
3166372
3166472
3166572
3166672
3166772
3166872
3166972
3167072
3167172
3167272
3167372
3167472
3167571
3167672
3167772
3167872
3167972
3168071
3168175
3168272
3168371
3168472
3168572
3168671
3168772
3168871
3168971
3169072
3169171
3169271
3169371
3169471
3169571
3169671
3169771
3169871
3169971
3170071
3170170
3170271
3170371
3170470
3170571
3170671
3170770
3170871
3170970
3171070
3171171
3171270
3171371
3171471
3171570
3171671
3171770
3171870
3171971
3172070
3172170
3172270
3172370
3172470
3172570
3172670
3172770
3172870
3172970
3173073
3173170
3173270
3173369
3173470
3173570
3173669
3173770
3173869
3173969
3174074
3174169
3174269
3174369
3174469
3174569
3174669
3174769
3174870
3174969
3175069
3175172
3175269
3175369
3175469
3175569
3175669
3175769
3175869
3175968
3176069
3176169
3176270
3176369
3176468
3176568
3176669
3176768
3176868
3176969
3177068
3177168
3177268
3177368
3177468
3177568
3177668
3177768
3177868
3177968
3178067
3178168
3178268
3178368
3178468
3178568
3178668
3178768
3178867
3178968
3179068
3179167
3179268
3179368
3179467
3179568
3179667
3179767
3179868
3179967
3180067
3180167
3180267
3180367
3180467
3180567
3180667
3180767
3180867
3180966
3181067
3181167
3181266
3181367
3181467
3181566
3181667
3181766
3181867
3181967
3182066
3182167
3182267
3182366
3182467
3182566
3182666
3182767
3182866
3182966
3183066
3183166
3183266
3183366
3183466
3183566
3183666
3183766
3183865
3183966
3184066
3184165
3184266
3184366
3184465
3184566
3184665
3184765
3184866
3184965
3185065
3185165
3185265
3185366
3185465
3185565
3185666
3185765
3185865
3185965
3186065
3186165
3186265
3186365
3186465
3186565
3186665
3186764
3186865
3186965
3187064
3187165
3187265
3187364
3187465
3187564
3187664
3187765
3187864
3187964
3188064
3188164
3188264
3188364
3188464
3188564
3188664
3188764
3188864
3188964
3189064
3189164
3189264
3189363
3189464
3189564
3189663
3189764
3189864
3189963
3190064
3190163
3190263
3190364
3190463
3190563
3190664
3190763
3190863
3190963
3191063
3191163
3191263
3191363
3191463
3191563
3191663
3191762
3191863
3191963
3192062
3192163
3192263
3192363
3192463
3192562
3192663
3192763
3192862
3192963
3193062
3193162
3193263
3193362
3193462
3193563
3193662
3193762
3193862
3193962
3194062
3194162
3194262
3194362
3194462
3194562
3194661
3194762
3194862
3194961
3195062
3195161
3195261
3195362
3195461
3195561
3195662
3195761
3195862
3195961
3196061
3196162
3196261
3196361
3196462
3196561
3196661
3196761
3196861
3196961
3197061
3197161
3197261
3197361
3197461
3197560
3197661
3197761
3197860
3197961
3198061
3198164
3198261
3198360
3198460
3198561
3198660
3198760
3198860
3198960
3199064
3199160
3199260
3199361
3199460
3199560
3199660
3199760
3199860
3199960
3200060
3200159
3200260
3200360
3200459
3200560
3200660
3200759
3200860
3200959
3201059
3201160
3201259
3201359
3201460
3201559
3201659
3201759
3201859
3201959
3202059
3202159
3202259
3202359
3202459
3202558
3202659
3202759
3202859
3202959
3203066
3203159
3203259
3203358
3203459
3203559
3203658
3203759
3203858
3203958
3204063
3204158
3204258
3204359
3204458
3204558
3204658
3204758
3204858
3204958
3205058
3205161
3205258
3205358
3205457
3205558
3205658
3205757
3205858
3205957
3206059
3206158
3206257
3206358
3206458
3206557
3206658
3206757
3206857
3206958
3207057
3207157
3207258
3207357
3207457
3207557
3207657
3207757
3207857
3207957
3208056
3208157
3208257
3208356
3208457
3208557
3208656
3208757
3208856
3208956
3209057
3209156
3209256
3209357
3209456
3209556
3209656
3209756
3209857
3209956
3210056
3210157
3210256
3210356
3210456
3210556
3210656
3210756
3210856
3210955
3211056
3211156
3211258
3211356
3211456
3211555
3211656
3211756
3211855
3211956
3212055
3212155
3212256
3212355
3212455
3212555
3212655
3212755
3212855
3212955
3213056
3213155
3213255
3213355
3213455
3213555
3213655
3213755
3213855
3213955
3214055
3214154
3214255
3214355
3214454
3214555
3214654
3214754
3214855
3214954
3215054
3215155
3215254
3215354
3215454
3215554
3215654
3215754
3215854
3215953
3216054
3216154
3216253
3216354
3216454
3216553
3216654
3216753
3216854
3216954
3217053
3217154
3217254
3217353
3217454
3217553
3217653
3217754
3217853
3217953
3218054
3218153
3218253
3218353
3218453
3218553
3218653
3218753
3218852
3218953
3219053
3219152
3219253
3219353
3219452
3219553
3219652
3219752
3219853
3219952
3220052
3220153
3220256
3220353
3220452
3220552
3220653
3220752
3220852
3220953
3221052
3221152
3221252
3221352
3221452
3221552
3221652
3221751
3221852
3221952
3222051
3222152
3222252
3222351
3222452
3222552
3222651
3222752
3222851
3222951
3223052
3223151
3223251
3223351
3223451
3223552
3223651
3223751
3223852
3223951
3224051
3224151
3224251
3224351
3224451
3224551
3224650
3224751
3224851
3224950
3225051
3225155
3225250
3225351
3225450
3225550
3225651
3225750
3225850
3225950
3226050
3226150
3226250
3226350
3226450
3226551
3226650
3226749
3226850
3226950
3227052
3227150
3227250
3227350
3227450
3227549
3227650
3227750
3227849
3227950
3228050
3228154
3228250
3228349
3228449
3228550
3228649
3228749
3228850
3228949
3229049
3229149
3229249
3229349
3229449
3229549
3229648
3229749
3229849
3229948
3230049
3230149
3230254
3230349
3230448
3230548
3230649
3230748
3230849
3230949
3231048
3231149
3231248
3231348
3231449
3231548
3231648
3231749
3231848
3231948
3232048
3232148
3232248
3232348
3232448
3232548
3232648
3232748
3232847
3232948
3233147
3233248
3233347
3233447
3233548
3233647
3233747
3233848
3233947
3234048
3234147
3234249
3234348
3234447
3234547
3234647
3234747
3234847
3234947
3235047
3235147
3235247
3235347
3235446
3235547
3235647
3235746
3235847
3235947
3236046
3236147
3236246
3236346
3236447
3236546
3236646
3236747
3236846
3236946
3237046
3237146
3237246
3237346
3237446
3237547
3237646
3237746
3237846
3237946
3238046
3238146
3238246
3238345
3238446
3238546
3238645
3238746
3238846
3238945
3239050
3239145
3239245
3239346
3239445
3239545
3239646
3239745
3239845
3239945
3240045
3240145
3240245
3240345
3240444
3240545
3240645
3240744
3240845
3240945
3241044
3241145
3241245
3241345
3241445
3241544
3241645
3241745
3241844
3241945
3242044
3242144
3242245
3242344
3242444
3242545
3242644
3242744
3242844
3242944
3243044
3243144
3243244
3243344
3243444
3243544
3243643
3243744
3243844
3243943
3244044
3244143
3244249
3244344
3244443
3244544
3244644
3244743
3244844
3244943
3245043
3245144
3245243
3245343
3245444
3245543
3245643
3245743
3245843
3245943
3246043
3246143
3246242
3246343
3246443
3246542
3246643
3246743
3246842
3246943
3247042
3247142
3247243
3247342
3247442
3247543
3247642
3247742
3247842
3247942
3248046
3248142
3248242
3248343
3248442
3248542
3248642
3248742
3248842
3248942
3249042
3249142
3249242
3249342
3249441
3249542
3249642
3249741
3249842
3249942
3250041
3250142
3250243
3250341
3250442
3250541
3250641
3250741
3250841
3250941
3251041
3251141
3251241
3251341
3251441
3251540
3251641
3251741
3251841
3251941
3252040
3252141
3252243
3252340
3252441
3252541
3252640
3252741
3252840
3252940
3253041
3253140
3253240
3253341
3253440
3253540
3253640
3253740
3253840
3253940
3254040
3254140
3254240
3254340
3254439
3254540
3254640
3254739
3254840
3254939
3255040
3255140
3255243
3255340
3255440
3255539
3255640
3255739
3255839
3255940
3256039
3256139
3256240
3256339
3256439
3256539
3256739
3256839
3256939
3257038
3257139
3257239
3257338
3257439
3257539
3257638
3257739
3257838
3257938
3258039
3258138
3258243
3258339
3258438
3258539
3258638
3258738
3258839
3258938
3259038
3259139
3259241
3259338
3259438
3259538
3259638
3259738
3259838
3259938
3260038
3260138
3260237
3260338
3260438
3260537
3260638
3260737
3260837
3260938
3261037
3261137
3261238
3261339
3261441
3261537
3261637
3261737
3261837
3261937
3262038
3262137
3262237
3262337
3262437
3262537
3262637
3262737
3262837
3262937
3263037
3263136
3263237
3263337
3263436
3263537
3263637
3263736
3263837
3263936
3264036
3264137
3264236
3264336
3264436
3264536
3264636
3264736
3264836
3264936
3265036
3265136
3265235
3265336
3265436
3265536
3265636
3265736
3265836
3265936
3266035
3266136
3266241
3266340
3266436
3266536
3266635
3266736
3266835
3266935
3267036
3267135
3267235
3267335
3267435
3267535
3267635
3267735
3267835
3267935
3268035
3268134
3268238
3268335
3268434
3268535
3268635
3268734
3268835
3268934
3269135
3269234
3269335
3269435
3269534
3269635
3269734
3269834
3269935
3270034
3270134
3270235
3270334
3270434
3270534
3270634
3270734
3270834
3270934
3271033
3271134
3271234
3271333
3271434
3271534
3271633
3271734
3271833
3271933
3272034
3272133
3272233
3272334
3272433
3272534
3272633
3272733
3272834
3272933
3273033
3273133
3273233
3273333
3273433
3273533
3273632
3273733
3273833
3273932
3274033
3274133
3274232
3274333
3274432
3274532
3274633
3274732
3274832
3274933
3275032
3275134
3275232
3275332
3275432
3275532
3275632
3275732
3275832
3275932
3276032
3276132
3276232
3276332
3276433
3276532
3276632
3276732
3276831
3276932
3277032
3277131
3277232
3277332
3277431
3277532
3277631
3277731
3277832
3277931
3278031
3278131
3278231
3278331
3278431
3278531
3278631
3278731
3278831
3278930
3279031
3279133
3279230
3279331
3279431
3279531
3279631
3279730
3279831
3279931
3280030
3280131
3280232
3280330
3280431
3280530
3280630
3280731
3280830
3280930
3281030
3281130
3281230
3281330
3281430
3281530
3281630
3281730
3281830
3281930
3282033
3282129
3282230
3282330
3282429
3282530
3282629
3282729
3282830
3282929
3283033
3283129
3283229
3283330
3283429
3283529
3283630
3283729
3283829
3283929
3284029
3284132
3284229
3284329
3284429
3284529
3284629
3284728
3284829
3284929
3285028
3285129
3285229
3285328
3285429
3285528
3285628
3285729
3285828
3285928
3286028
3286128
3286228
3286328
3286428
3286529
3286628
3286728
3286828
3286928
3287028
3287128
3287228
3287328
3287428
3287528
3287627
3287728
3287828
3287927
3288028
3288127
3288227
3288328
3288427
3288527
3288628
3288727
3288827
3288928
3289027
3289127
3289227
3289327
3289427
3289527
3289627
3289726
3289827
3289927
3290027
3290127
3290227
3290327
3290427
3290526
3290627
3290727
3290826
3290927
3291027
3291126
3291227
3291326
3291426
3291527
3291626
3291726
3291826
3291926
3292026
3292126
3292226
3292326
3292426
3292526
3292625
3292726
3292826
3292925
3293026
3293126
3293225
3293326
3293425
3293526
3293626
3293725
3293826
3293925
3294025
3294127
3294225
3294325
3294426
3294525
3294625
3294725
3294825
3294925
3295025
3295125
3295225
3295325
3295425
3295524
3295625
3295725
3295824
3295925
3296025
3296124
3296225
3296324
3296424
3296525
3296624
3296724
3296824
3296924
3297025
3297124
3297224
3297325
3297424
3297524
3297625
3297724
3297824
3297924
3298024
3298124
3298224
3298324
3298423
3298524
3298624
3298723
3298824
3298924
3299023
3299124
3299224
3299323
3299424
3299523
3299623
3299724
3299823
3299923
3300023
3300123
3300224
3300323
3300423
3300523
3300623
3300723
3300823
3300923
3301023
3301123
3301223
3301323
3301423
3301523
3301622
3301723
3301823
3301922
3302023
3302122
3302222
3302323
3302422
3302522
3302623
3302722
3302822
3302922
3303022
3303122
3303222
3303322
3303422
3303522
3303622
3303721
3303822
3303922
3304022
3304122
3304221
3304322
3304422
3304521
3304622
3304722
3304821
3304922
3305021
3305121
3305222
3305321
3305421
3305522
3305621
3305721
3305821
3305921
3306021
3306121
3306221
3306323
3306421
3306521
3306620
3306721
3306821
3306920
3307021
3307120
3307220
3307321
3307420
3307521
3307621
3307720
3307821
3307920
3308020
3308121
3308220
3308320
3308421
3308520
3308620
3308720
3308820
3308920
3309020
3309120
3309220
3309320
3309420
3309519
3309620
3309720
3309819
3309920
3310020
3310119
3310220
3310319
3310419
3310520
3310619
3310720
3310819
3310919
3311020
3311119
3311219
3311320
3311419
3311519
3311619
3311719
3311819
3311919
3312019
3312119
3312219
3312319
3312418
3312519
3312619
3312718
3312819
3312918
3313020
3313119
3313218
3313318
3313419
3313518
3313618
3313718
3313818
3313918
3314018
3314118
3314219
3314318
3314418
3314518
3314618
3314718
3314818
3314918
3315018
3315118
3315218
3315317
3315418
3315518
3315617
3315718
3315817
3315917
3316018
3316117
3316217
3316318
3316417
3316517
3316617
3316717
3316817
3316917
3317017
3317117
3317217
3317317
3317416
3317517
3317617
3317716
3317817
3317917
3318017
3318117
3318216
3318317
3318417
3318516
3318617
3318716
3318816
3318917
3319016
3319116
3319217
3319316
3319416
3319516
3319616
3319716
3319816
3319916
3320016
3320116
3320216
3320315
3320416
3320516
3320615
3320716
3320816
3320915
3321016
3321115
3321216
3321316
3321415
3321516
3321616
3321715
3321816
3321915
3322015
3322116
3322215
3322315
3322415
3322515
3322615
3322715
3322815
3322915
3323015
3323115
3323214
3323315
3323415
3323514
3323615
3323715
3323814
3323915
3324014
3324114
3324215
3324314
3324414
3324515
3324614
3324715
3324814
3324914
3325017
3325114
3325214
3325315
3325414
3325514
3325614
3325714
3325814
3325914
3326014
3326113
3326214
3326314
3326413
3326514
3326614
3326713
3326814
3326913
3327013
3327114
3327213
3327313
3327414
3327513
3327613
3327713
3327813
3327913
3328013
3328113
3328214
3328313
3328413
3328513
3328613
3328713
3328813
3328913
3329012
3329113
3329213
3329312
3329413
3329513
3329612
3329713
3329812
3329912
3330013
3330112
3330212
3330313
3330412
3330512
3330612
3330712
3330812
3330912
3331012
3331112
3331212
3331312
3331411
3331512
3331612
3331712
3331812
3331911
3332012
3332112
3332211
3332312
3332412
3332511
3332612
3332711
3332811
3332912
3333011
3333111
3333212
3333311
3333411
3333511
3333611
3333711
3333811
3333911
3334011
3334111
3334211
3334310
3334411
3334511
3334610
3334711
3334810
3334910
3335011
3335110
3335211
3335311
3335410
3335511
3335610
3335710
3335811
3335910
3336010
3336111
3336210
3336310
3336410
3336510
3336610
3336710
3336810
3336910
3337010
3337110
3337210
3337310
3337410
3337509
3337610
3337710
3337809
3337910
3338009
3338109
3338210
3338309
3338409
3338509
3338609
3338710
3338809
3338909
3339012
3339109
3339209
3339309
3339409
3339509
3339609
3339709
3339809
3339909
3340009
3340108
3340209
3340309
3340408
3340509
3340609
3340708
3340809
3340908
3341008
3341109
3341208
3341308
3341409
3341508
3341608
3341708
3341808
3341908
3342008
3342108
3342208
3342308
3342408
3342508
3342608
3342708
3342808
3342908
3343013
3343108
3343208
3343307
3343408
3343508
3343607
3343708
3343807
3343907
3344008
3344107
3344207
3344307
3344407
3344507
3344607
3344707
3344807
3344907
3345012
3345106
3345207
3345307
3345406
3345507
3345607
3345707
3345807
3345906
3346007
3346107
3346206
3346307
3346407
3346506
3346607
3346706
3346806
3346907
3347006
3347111
3347306
3347406
3347506
3347606
3347706
3347806
3347906
3348006
3348106
3348206
3348305
3348406
3348506
3348605
3348706
3348805
3348905
3349006
3349105
3349206
3349306
3349405
3349506
3349605
3349705
3349806
3349905
3350005
3350106
3350205
3350305
3350405
3350505
3350605
3350705
3350805
3350905
3351009
3351105
3351204
3351305
3351405
3351504
3351605
3351704
3351804
3351905
3352004
3352104
3352210
3352304
3352404
3352504
3352604
3352705
3352804
3352904
3353005
3353104
3353204
3353304
3353404
3353504
3353604
3353704
3353804
3353904
3354004
3354103
3354204
3354304
3354403
3354504
3354604
3354703
3354804
3354903
3355004
3355104
3355203
3355303
3355404
3355503
3355603
3355703
3355803
3355904
3356003
3356103
3356206
3356303
3356403
3356503
3356603
3356703
3356803
3356903
3357002
3357103
3357203
3357302
3357403
3357503
3357602
3357703
3357802
3357902
3358003
3358102
3358202
3358302
3358402
3358502
3358602
3358702
3358802
3358902
3359002
3359101
3359202
3359302
3359401
3359502
3359602
3359702
3359802
3359901
3360002
3360102
3360302
3360402
3360501
3360602
3360701
3360801
3360902
3361001
3361101
3361206
3361301
3361401
3361501
3361601
3361701
3361801
3361901
3362001
3362101
3362201
3362300
3362401
3362501
3362600
3362701
3362800
3362900
3363001
3363100
3363201
3363301
3363400
3363501
3363600
3363700
3363801
3363900
3364000
3364100
3364200
3364300
3364400
3364500
3364600
3364700
3364800
3364900
3365000
3365100
3365201
3365300
3365400
3365499
3365600
3365699
3365799
3365900
3365999
3366099
3366200
3366299
3366400
3366499
3366599
3366700
3366799
3366899
3367000
3367099
3367199
3367299
3367399
3367499
3367599
3367699
3367798
3367899
3367999
3368098
3368199
3368299
3368398
3368499
3368598
3368698
3368898
3368998
3369099
3369198
3369298
3369398
3369498
3369598
3369698
3369798
3369899
3369998
3370098
3370199
3370298
3370398
3370498
3370598
3370697
3370798
3370898
3370997
3371098
3371198
3371297
3371398
3371497
3371597
3371698
3371797
3371897
3371998
3372097
3372197
3372297
3372397
3372497
3372597
3372697
3372797
3372897
3372997
3373096
3373197
3373297
3373396
3373497
3373597
3373697
3373797
3373896
3373997
3374097
3374196
3374297
3374397
3374496
3374597
3374696
3374796
3374897
3374996
3375096
3375201
3375296
3375396
3375496
3375596
3375696
3375796
3375896
3375995
3376096
3376200
3376295
3376396
3376496
3376595
3376696
3376795
3376896
3376996
3377095
3377196
3377295
3377395
3377496
3377595
3377695
3377796
3377895
3377995
3378095
3378195
3378295
3378395
3378495
3378595
3378695
3378795
3378894
3378995
3379095
3379194
3379295
3379395
3379494
3379595
3379694
3379794
3379895
3379994
3380094
3380195
3380294
3380395
3380494
3380594
3380695
3380794
3380894
3380994
3381094
3381194
3381294
3381394
3381498
3381594
3381694
3381793
3381894
3382093
3382196
3382294
3382393
3382494
3382593
3382693
3382794
3382893
3382993
3383094
3383193
3383293
3383393
3383493
3383593
3383693
3383793
3383894
3383993
3384093
3384194
3384293
3384393
3384493
3384593
3384692
3384793
3384893
3384992
3385093
3385193
3385292
3385393
3385492
3385592
3385693
3385792
3385892
3385993
3386092
3386192
3386292
3386392
3386492
3386592
3386692
3386792
3386892
3386992
3387091
3387192
3387292
3387392
3387492
3387591
3387692
3387792
3387891
3387992
3388092
3388194
3388292
3388391
3388491
3388592
3388691
3388791
3388892
3388991
3389091
3389191
3389291
3389391
3389491
3389591
3389691
3389791
3389891
3390001
3390091
3390191
3390290
3390391
3390491
3390590
3390691
3390790
3390891
3390991
3391090
3391191
3391293
3391390
3391491
3391590
3391690
3391791
3391890
3391990
3392090
3392190
3392290
3392390
3392490
3392590
3392690
3392790
3392889
3392990
3393090
3393189
3393290
3393390
3393489
3393590
3393689
3393789
3393890
3393994
3394089
3394190
3394289
3394390
3394489
3394589
3394690
3394789
3394889
3394989
3395089
3395189
3395289
3395389
3395489
3395589
3395689
3395788
3395889
3395989
3396088
3396189
3396291
3396388
3396489
3396588
3396688
3396789
3396888
3396988
3397089
3397188
3397288
3397388
3397488
3397588
3397688
3397788
3397889
3397988
3398088
3398188
3398288
3398388
3398488
3398588
3398688
3398788
3398888
3398987
3399088
3399190
3399287
3399388
3399487
3399587
3399688
3399787
3399887
3399988
3400087
3400187
3400287
3400387
3400487
3400587
3400687
3400787
3400887
3400987
3401086
3401187
3401287
3401387
3401487
3401586
3401687
3401787
3401886
3401987
3402087
3402186
3402287
3402386
3402486
3402587
3402686
3402786
3402887
3402986
3403086
3403187
3403286
3403386
3403486
3403586
3403686
3403786
3403886
3403986
3404086
3404186
3404285
3404386
3404486
3404585
3404686
3404785
3404886
3404986
3405085
3405186
3405285
3405385
3405486
3405585
3405685
3405786
3405885
3405985
3406085
3406185
3406285
3406385
3406485
3406585
3406685
3406785
3406884
3406985
3407085
3407184
3407285
3407385
3407484
3407585
3407684
3407784
3407885
3407984
3408084
3408185
3408284
3408385
3408484
3408584
3408685
3408784
3408884
3408984
3409089
3409184
3409284
3409384
3409484
3409584
3409684
3409783
3409884
3409984
3410083
3410189
3410284
3410383
3410484
3410583
3410683
3410784
3410883
3410983
3411084
3411183
3411283
3411383
3411483
3411584
3411683
3411783
3411883
3411983
3412083
3412184
3412283
3412383
3412483
3412583
3412683
3412783
3412883
3412982
3413083
3413183
3413282
3413383
3413482
3413582
3413683
3413782
3413882
3414049
3414082
3414222
3414282
3414382
3414482
3414582
3414682
3414782
3414882
3414982
3415081
3415182
3415282
3415382
3415482
3415581
3415682
3415782
3415881
3415982
3416082
3416181
3416282
3416381
3416481
3416582
3416681
3416781
3416882
3416981
3417081
3417181
3417281
3417381
3417481
3417581
3417681
3417781
3417881
3417980
3418081
3418181
3418280
3418381
3418481
3418580
3418681
3418780
3418881
3418981
3419080
3419181
3419281
3419380
3419481
3419580
3419680
3419781
3419880
3419980
3420080
3420183
3420280
3420380
3420480
3420580
3420680
3420780
3420879
3420980
3421080
3421179
3421280
3421380
3421479
3421580
3421679
3421779
3421880
3421979
3422080
3422180
3422279
3422380
3422479
3422579
3422680
3422779
3422879
3422980
3423079
3423188
3423279
3423379
3423479
3423579
3423679
3423778
3423879
3423979
3424078
3424179
3424279
3424378
3424479
3424578
3424678
3424779
3424878
3424978
3425079
3425180
3425278
3425378
3425478
3425579
3425678
3425778
3425878
3425978
3426078
3426178
3426278
3426378
3426478
3426578
3426678
3426778
3426878
3426980
3427078
3427178
3427277
3427378
3427478
3427577
3427678
3427777
3427877
3427978
3428077
3428179
3428277
3428377
3428577
3428677
3428777
3428877
3428977
3429081
3429177
3429277
3429377
3429477
3429577
3429677
3429777
3429876
3429977
3430077
3430176
3430277
3430377
3430476
3430577
3430676
3430776
3430877
3430976
3431076
3431177
3431276
3431376
3431476
3431576
3431676
3431776
3431876
3431975
3432076
3432176
3432275
3432376
3432476
3432576
3432676
3432775
3432876
3432976
3433075
3433176
3433275
3433375
3433476
3433575
3433675
3433776
3433875
3433975
3434075
3434175
3434275
3434375
3434475
3434575
3434675
3434775
3434874
3434975
3435075
3435176
3435275
3435375
3435474
3435575
3435674
3435774
3435875
3435974
3436075
3436175
3436284
3436375
3436474
3436574
3436675
3436774
3436874
3436974
3437074
3437174
3437274
3437374
3437474
3437574
3437674
3437773
3437874
3437974
3438073
3438174
3438274
3438373
3438474
3438573
3438673
3438774
3438873
3438973
3439074
3439173
3439273
3439373
3439473
3439574
3439673
3439773
3439874
3439973
3440073
3440173
3440273
3440373
3440473
3440573
3440673
3440773
3440873
3440972
3441073
3441173
3441277
3441377
3441473
3441572
3441673
3441772
3441872
3441973
3442073
3442172
3442272
3442372
3442472
3442572
3442672
3442772
3442872
3442972
3443072
3443172
3443272
3443372
3443472
3443572
3443672
3443772
3443871
3443972
3444072
3444171
3444272
3444372
3444471
3444572
3444671
3444771
3444872
3444971
3445072
3445172
3445271
3445371
3445471
3445571
3445671
3445771
3445871
3445970
3446071
3446171
3446270
3446371
3446471
3446571
3446671
3446770
3446871
3446971
3447070
3447171
3447271
3447370
3447471
3447570
3447670
3447771
3447870
3447970
3448071
3448170
3448270
3448370
3448470
3448570
3448670
3448770
3448869
3448970
3449070
3449169
3449270
3449370
3449469
3449570
3449669
3449769
3449870
3449969
3450070
3450170
3450269
3450370
3450469
3450569
3450670
3450769
3450869
3450970
3451069
3451169
3451269
3451369
3451469
3451569
3451669
3451768
3451869
3451969
3452068
3452169
3452269
3452368
3452469
3452568
3452668
3452769
3452868
3452968
3453069
3453168
3453268
3453368
3453468
3453569
3453668
3453768
3453869
3453968
3454068
3454169
3454268
3454368
3454468
3454568
3454668
3454768
3454868
3454967
3455068
3455168
3455267
3455368
3455567
3455668
3455767
3455867
3455968
3456067
3456167
3456268
3456367
3456467
3456567
3456667
3456768
3456867
3456967
3457067
3457167
3457267
3457367
3457467
3457567
3457667
3457767
3457866
3457967
3458067
3458166
3458267
3458367
3458466
3458567
3458666
3458766
3458867
3458966
3459066
3459167
3459266
3459366
3459466
3459566
3459666
3459766
3459866
3459965
3460066
3460166
3460265
3460366
3460466
3460566
3460666
3460766
3460866
3460966
3461065
3461171
3461270
3461365
3461466
3461565
3461665
3461766
3461865
3461965
3462066
3462165
3462265
3462365
3462465
3462565
3462665
3462765
3462865
3462965
3463065
3463164
3463265
3463365
3463464
3463565
3463664
3463764
3463865
3463964
3464065
3464165
3464264
3464365
3464464
3464564
3464665
3464764
3464864
3464965
3465064
3465168
3465264
3465364
3465464
3465564
3465664
3465764
3465864
3465964
3466063
3466164
3466264
3466363
3466464
3466564
3466663
3466764
3466863
3466963
3467064
3467163
3467264
3467363
3467463
3467564
3467663
3467763
3467864
3467963
3468066
3468164
3468263
3468363
3468463
3468563
3468663
3468763
3468863
3468963
3469063
3469163
3469262
3469363
3469463
3469562
3469663
3469762
3469862
3469963
3470062
3470168
3470263
3470362
3470462
3470662
3470763
3470862
3470962
3471062
3471162
3471262
3471362
3471462
3471562
3471662
3471762
3471861
3471962
3472062
3472161
3472262
3472362
3472461
3472562
3472661
3472761
3472862
3472961
3473061
3473162
3473261
3473361
3473461
3473561
3473661
3473761
3473861
3473961
3474061
3474161
3474260
3474361
3474461
3474561
3474661
3474761
3474861
3474961
3475063
3475161
3475261
3475360
3475461
3475560
3475660
3475761
3475860
3475960
3476066
3476160
3476260
3476360
3476460
3476560
3476660
3476760
3476860
3476960
3477060
3477161
3477260
3477360
3477459
3477560
3477660
3477760
3477860
3477959
3478060
3478160
3478259
3478360
3478459
3478559
3478660
3478759
3478859
3478960
3479059
3479259
3479359
3479459
3479559
3479659
3479759
3479859
3479959
3480058
3480159
3480259
3480358
3480459
3480559
3480658
3480759
3480858
3480958
3481059
3481158
3481259
3481359
3481458
3481559
3481658
3481758
3481859
3481958
3482058
3482158
3482258
3482358
3482458
3482558
3482658
3482758
3482858
3482958
3483058
3483158
3483257
3483358
3483458
3483557
3483658
3483757
3483857
3483962
3484057
3484157
3484258
3484357
3484457
3484557
3484657
3484758
3484857
3484957
3485058
3485157
3485257
3485357
3485457
3485557
3485657
3485757
3485857
3485957
3486057
3486156
3486257
3486357
3486456
3486557
3486656
3486756
3486857
3486956
3487056
3487157
3487256
3487356
3487457
3487556
3487656
3487756
3487856
3487956
3488056
3488159
3488256
3488356
3488456
3488556
3488656
3488756
3488856
3488956
3489055
3489156
3489256
3489355
3489456
3489555
3489655
3489756
3489855
3489955
3490056
3490155
3490255
3490356
3490455
3490555
3490655
3490755
3490855
3490955
3491055
3491155
3491255
3491355
3491454
3491555
3491655
3491755
3491855
3491954
3492055
3492155
3492254
3492355
3492455
3492554
3492655
3492754
3492854
3492955
3493054
3493154
3493255
3493354
3493454
3493554
3493654
3493754
3493854
3493954
3494053
3494154
3494254
3494353
3494454
3494554
3494653
3494754
3494853
3494953
3495054
3495153
3495254
3495354
3495453
3495554
3495653
3495753
3495854
3495953
3496053
3496154
3496253
3496353
3496453
3496553
3496653
3496753
3496853
3496953
3497053
3497154
3497252
3497353
3497453
3497552
3497653
3497753
3497852
3497953
3498052
3498153
3498253
3498352
3498452
3498552
3498652
3498753
3498852
3498952
3499053
3499152
3499252
3499352
3499452
3499552
3499652
3499752
3499852
3499952
3500058
3500151
3500252
3500352
3500451
3500552
3500652
3500751
3500852
3500951
3501051
3501152
3501251
3501358
3501452
3501551
3501651
3501751
3501851
3501952
3502051
3502151
3502251
3502351
3502451
3502551
3502651
3502751
3502851
3502951
3503050
3503154
3503251
3503350
3503451
3503551
3503650
3503751
3503850
3503950
3504051
3504151
3504250
3504351
3504450
3504550
3504650
3504750
3504850
3504950
3505051
3505150
3505250
3505350
3505449
3505550
3505650
3505750
3505850
3505949
3506050
3506150
3506249
3506353
3506450
3506549
3506650
3506750
3506849
3506950
3507049
3507152
3507250
3507349
3507449
3507549
3507649
3507749
3507849
3507949
3508049
3508154
3508249
3508348
3508449
3508549
3508648
3508749
3508849
3508948
3509049
3509148
3509249
3509349
3509448
3509549
3509649
3509748
3509849
3509948
3510048
3510151
3510248
3510348
3510448
3510548
3510648
3510748
3510848
3510948
3511052
3511148
3511247
3511348
3511448
3511547
3511648
3511748
3511847
3511948
3512047
3512147
3512248
3512347
3512448
3512548
3512647
3512748
3512847
3512947
3513048
3513147
3513247
3513348
3513447
3513547
3513647
3513747
3513847
3513947
3514047
3514165
3514247
3514347
3514446
3514547
3514647
3514746
3514847
3514946
3515048
3515147
3515246
3515346
3515447
3515546
3515646
3515746
3515846
3515947
3516046
3516146
3516247
3516350
3516446
3516546
3516646
3516746
3516846
3516946
3517045
3517146
3517246
3517345
3517446
3517546
3517645
3517746
3517845
3517945
3518046
3518149
3518245
3518346
3518445
3518545
3518645
3518745
3518845
3518945
3519045
3519145
3519245
3519345
3519444
3519545
3519645
3519745
3519845
3519945
3520045
3520145
3520244
3520345
3520445
3520544
3520645
3520745
3520844
3520945
3521044
3521144
3521245
3521346
3521444
3521545
3521644
3521744
3521844
3521944
3522044
3522144
3522244
3522343
3522444
3522544
3522643
3522744
3522844
3522944
3523044
3523144
3523244
3523344
3523443
3523544
3523644
3523743
3523844
3523943
3524043
3524144
3524243
3524343
3524444
3524543
3524643
3524743
3524843
3524943
3525043
3525143
3525243
3525343
3525443
3525542
3525643
3525743
3525842
3525943
3526042
3526149
3526248
3526342
3526443
3526543
3526642
3526743
3526843
3526942
3527043
3527142
3527242
3527343
3527442
3527542
3527642
3527742
3527842
3527942
3528042
3528144
3528242
3528342
3528441
3528542
3528642
3528741
3528842
3528941
3529041
3529145
3529241
3529341
3529442
3529541
3529641
3529741
3529841
3529942
3530041
3530141
3530242
3530441
3530542
3530641
3530741
3530841
3530941
3531041
3531141
3531241
3531340
3531441
3531541
3531640
3531741
3531841
3531940
3532041
3532140
3532240
3532341
3532440
3532540
3532641
3532740
3532840
3532940
3533040
3533140
3533240
3533340
3533440
3533540
3533640
3533740
3533840
3533940
3534040
3534140
3534239
3534340
3534440
3534539
3534640
3534740
3534839
3534940
3535040
3535139
3535240
3535339
3535439
3535540
3535639
3535739
3535839
3535939
3536039
3536139
3536239
3536339
3536439
3536539
3536638
3536739
3536839
3536939
3537039
3537139
3537239
3537339
3537438
3537539
3537639
3537738
3537839
3537938
3538038
3538139
3538238
3538338
3538439
3538538
3538638
3538738
3538838
3538938
3539038
3539138
3539238
3539338
3539438
3539537
3539638
3539738
3539837
3539938
3540038
3540137
3540238
3540337
3540438
3540538
3540637
3540738
3540837
3540937
3541038
3541137
3541237
3541338
3541437
3541537
3541638
3541737
3541837
3541937
3542037
3542137
3542237
3542337
3542437
3542537
3542637
3542736
3542837
3542937
3543036
3543141
3543236
3543336
3543437
3543536
3543737
3543836
3543937
3544036
3544136
3544237
3544336
3544436
3544537
3544636
3544736
3544836
3544936
3545036
3545136
3545236
3545335
3545436
3545536
3545635
3545736
3545836
3545935
3546036
3546135
3546238
3546336
3546435
3546535
3546636
3546735
3546835
3546936
3547035
3547136
3547235
3547335
3547436
3547535
3547635
3547735
3547835
3547935
3548035
3548135
3548235
3548335
3548435
3548534
3548635
3548735
3548834
3548935
3549034
3549134
3549235
3549334
3549434
3549535
3549634
3549734
3549834
3549934
3550034
3550134
3550234
3550334
3550434
3550534
3550633
3550734
3550834
3550934
3551034
3551134
3551234
3551334
3551434
3551534
3551634
3551733
3551834
3551934
3552033
3552134
3552233
3552333
3552434
3552533
3552633
3552734
3552833
3552933
3553033
3553137
3553233
3553333
3553433
3553533
3553633
3553733
3553832
3553933
3554033
3554132
3554233
3554332
3554433
3554533
3554632
3554733
3554833
3554932
3555033
3555133
3555232
3555333
3555432
3555532
3555633
3555732
3555832
3555932
3556032
3556132
3556232
3556332
3556432
3556532
3556632
3556731
3556832
3556932
3557031
3557132
3557232
3557331
3557432
3557531
3557632
3557732
3557831
3557932
3558031
3558131
3558232
3558331
3558431
3558532
3558631
3558731
3558831
3558931
3559031
3559131
3559231
3559331
3559431
3559531
3559630
3559731
3559831
3559930
3560031
3560131
3560230
3560331
3560430
3560530
3560631
3560730
3560830
3560931
3561030
3561131
3561230
3561330
3561431
3561530
3561630
3561731
3561830
3561930
3562030
3562130
3562230
3562330
3562430
3562529
3562630
3562730
3562829
3562930
3563030
3563129
3563230
3563329
3563429
3563530
3563629
3563729
3563830
3563929
3564029
3564135
3564229
3564329
3564429
3564529
3564630
3564729
3564829
3564929
3565029
3565129
3565229
3565329
3565428
3565529
3565629
3565728
3565829
3565929
3566028
3566131
3566228
3566328
3566429
3566528
3566628
3566729
3566828
3566928
3567028
3567128
3567228
3567328
3567428
3567528
3567628
3567728
3567827
3567928
3568028
3568128
3568228
3568328
3568428
3568528
3568627
3568728
3568828
3568927
3569028
3569128
3569227
3569328
3569427
3569527
3569628
3569727
3569827
3569928
3570027
3570131
3570227
3570327
3570427
3570527
3570627
3570727
3570827
3570927
3571127
3571227
3571326
3571427
3571526
3571627
3571727
3571826
3571927
3572027
3572131
3572227
3572326
3572426
3572527
3572626
3572726
3572827
3572926
3573030
3573126
3573226
3573326
3573426
3573526
3573625
3573726
3573826
3573925
3574026
3574126
3574225
3574326
3574426
3574525
3574626
3574725
3574825
3574926
3575029
3575126
3575225
3575325
3575426
3575525
3575625
3575726
3575825
3575925
3576025
3576125
3576225
3576425
3576525
3576625
3576725
3576824
3576925
3577025
3577124
3577225
3577325
3577424
3577525
3577624
3577724
3577825
3577924
3578024
3578125
3578224
3578324
3578424
3578524
3578625
3578724
3578824
3578924
3579024
3579124
3579224
3579324
3579424
3579524
3579624
3579723
3579824
3579924
3580023
3580124
3580224
3580323
3580424
3580523
3580623
3580724
3580823
3580923
3581024
3581123
3581223
3581323
3581423
3581523
3581623
3581723
3581824
3581923
3582023
3582123
3582223
3582323
3582423
3582523
3582623
3582723
3582823
3582922
3583023
3583123
3583222
3583323
3583422
3583522
3583623
3583722
3583822
3583923
3584022
3584122
3584222
3584322
3584422
3584522
3584622
3584722
3584822
3584922
3585021
3585122
3585222
3585321
3585422
3585521
3585622
3585722
3585821
3585922
3586022
3586121
3586222
3586321
3586421
3586522
3586621
3586721
3586822
3586921
3587024
3587122
3587221
3587321
3587421
3587521
3587621
3587721
3587821
3587920
3588027
3588121
3588220
3588321
3588421
3588520
3588621
3588720
3588820
3588921
3589020
3589121
3589221
3589320
3589421
3589520
3589620
3589721
3589820
3589920
3590021
3590120
3590220
3590320
3590420
3590520
3590620
3590720
3590819
3590920
3591020
3591119
3591220
3591320
3591419
3591520
3591619
3591719
3591820
3591919
3592019
3592120
3592219
3592320
3592419
3592519
3592620
3592719
3592819
3592920
3593019
3593119
3593219
3593319
3593419
3593519
3593619
3593719
3593819
3593919
3594018
3594122
3594219
3594318
3594419
3594518
3594618
3594719
3594818
3594918
3595019
3595118
3595218
3595319
3595418
3595518
3595618
3595718
3595819
3595918
3596018
3596118
3596223
3596318
3596418
3596518
3596618
3596718
3596818
3596917
3597018
3597118
3597217
3597318
3597418
3597517
3597618
3597717
3597817
3597918
3598017
3598117
3598218
3598317
3598417
3598517
3598617
3598717
3598817
3598917
3599016
3599117
3599217
3599316
3599417
3599517
3599617
3599717
3599817
3599917
3600017
3600116
