900004
900122
900128
900134
900910
900941
900993
901031
901909
901941
901993
902032
902909
902941
902992
903031
903917
903949
904001
904040
904927
904958
904994
905046
905086
905907
905938
905991
906029
906906
906938
906990
907029
907906
907937
907990
908028
908905
908937
908989
909028
909907
909939
909975
910026
910065
910905
910937
910989
911027
911953
911988
912036
912075
912914
912946
912998
913036
913904
913936
913987
914026
914904
914935
914971
915023
915062
915903
915935
915986
916025
916902
916934
916986
917024
917903
917934
917986
918025
918900
918932
918984
919023
919912
919944
919980
920031
920070
920961
920992
921043
921083
921901
921932
921984
922022
922910
922942
922993
923032
923898
923930
923982
924020
924901
924932
924967
925020
925059
925897
925929
925980
926019
926897
926928
926980
927019
927918
927949
928001
928039
928902
928933
928985
929024
929897
929929
929965
930016
930055
930896
930927
930979
931018
931904
931936
931988
932027
932946
932978
933029
933072
933904
933936
933988
934027
934902
934934
934972
935022
935061
935892
935924
935975
936014
936902
936934
936985
937024
937892
937924
937975
938014
938892
938924
938975
939014
939893
939925
939961
940013
940052
940900
940932
940984
941023
941940
941971
942023
942062
942891
942922
942973
943012
943889
943921
943972
944011
944890
944922
944957
945009
945048
945889
945921
945972
946011
946888
946920
946972
947010
947888
947919
947971
948009
948887
948919
948970
949009
949890
949921
949957
950008
950047
950887
950918
950970
951009
951887
951919
951970
952009
952887
952919
952970
953009
953936
953967
954019
954063
954896
954928
954963
955015
955054
955884
955916
955967
956006
956893
956924
956977
957016
957894
957926
957977
958016
958889
958921
958972
959011
959891
959923
959961
960010
960049
960881
960913
960965
961003
961881
961912
961964
962002
962931
962963
963014
963063
963891
963921
963974
964013
964889
964920
964963
965008
965047
965879
965911
965962
966001
966879
966910
966962
967001
967878
967910
967961
968000
968878
968909
968962
969000
969880
969912
969948
970000
970038
970876
970908
970959
970998
971876
971908
971960
971999
972876
972908
972959
972998
973875
973906
973958
973997
974926
974958
974994
975045
975084
975884
975916
975967
976006
976873
976905
977005
977011
977872
977904
977956
977995
978873
978904
978956
978995
979874
979906
979942
979994
980033
980882
980914
980965
981004
981882
981914
981965
982004
982871
982902
982953
982992
983920
983952
984003
984042
984871
984902
984938
984990
985029
985869
985901
985952
985991
986869
986901
986953
986991
987869
987900
987953
987992
988868
988900
988952
988991
989879
989911
989946
989998
990036
990866
990898
990951
990988
991866
991898
991949
991988
992866
992897
992949
992988
993866
993898
993949
993988
994874
994906
994944
994993
995032
995871
995903
995954
995993
996915
996947
996998
997043
997864
997896
997948
997987
998863
998895
998946
998985
999866
999898
999933
999985
1000024
1000862
1000894
1000945
1000984
1001862
1001892
1001945
1002023
1002861
1002892
1003014
1003020
1003870
1003901
1003954
1003993
1004922
1004954
1004990
1005041
1005080
1005880
1005912
1005964
1006003
1006858
1006889
1006942
1006981
1007859
1007891
1007943
1007982
1008858
1008889
1008942
1008980
1009859
1009891
1009927
1009978
1010017
1010855
1010887
1010939
1010978
1011858
1011889
1011941
1011980
1012856
1012888
1012940
1012978
1013856
1013888
1013940
1013978
1014877
1014908
1014944
1014995
1015034
1015855
1015886
1015938
1015976
1016864
1016896
1016947
1016986
1017915
1017947
1017998
1018037
1018854
1018885
1018937
1018976
1019863
1019894
1019932
1019981
1020020
1020863
1020895
1020946
1020985
1021851
1021883
1021935
1021974
1022852
1022883
1022935
1022973
1023868
1023900
1023951
1023990
1024859
1024890
1024929
1024977
1025016
1025900
1025932
1025983
1026022
1026861
1026892
1026944
1026982
1027850
1027881
1027933
1027972
1028848
1028880
1028932
1028971
1029852
1029883
1029919
1029970
1030009
1030857
1030889
1030940
1030979
1031857
1031888
1031941
1031980
1032847
1032879
1032930
1032969
1033846
1033878
1033929
1033968
1034857
1034889
1034925
1034977
1035015
1035856
1035888
1035939
1035978
1036856
1036887
1036939
1036978
1037854
1037886
1037937
1037976
1038895
1038926
1038978
1039028
1039845
1039877
1039912
1039964
1040003
1040843
1040874
1040927
1040965
1041863
1041895
1041946
1041985
1042852
1042884
1042935
1042974
1043842
1043873
1043924
1043963
1044842
1044874
1044910
1044962
1045001
1045840
1045872
1045924
1045962
1046900
1046937
1046983
1047022
1047863
1047895
1047946
1047985
1048839
1048870
1048923
1048962
1049847
1049879
1049918
1049966
1050005
1050840
1050871
1050923
1050961
1051838
1051870
1051921
1051960
1052837
1052869
1052921
1052959
1053845
1053877
1053928
1053967
1054849
1054880
1054916
1054967
1055006
1055843
1055875
1055926
1055965
1056835
1056867
1056918
1056957
1057836
1057867
1057920
1057957
1058834
1058865
1058918
1058956
1059888
1059919
1059955
1060006
1060045
1060844
1060876
1060928
1060967
1061834
1061865
1061917
1061956
1062842
1062874
1062925
1062964
1063832
1063864
1063916
1063954
1064834
1064865
1064901
1064952
1064991
1065832
1065864
1065915
1065954
1066841
1066872
1066924
1066962
1067880
1067912
1067964
1068003
1068840
1068872
1068923
1068962
1069831
1069862
1069898
1069949
1069988
1070829
1070860
1070912
1070951
1071830
1071860
1071912
1071951
1072828
1072860
1072911
1072950
1073827
1073859
1073911
1073949
1074829
1074860
1074895
1074948
1074987
1075825
1075857
1075908
1075947
1076827
1076858
1076911
1076950
1077827
1077859
1077910
1077949
1078824
1078856
1078908
1078947
1079833
1079865
1079908
1079952
1079991
1080875
1080906
1080957
1081003
1081834
1081865
1081917
1081956
1082833
1082865
1082916
1082955
1083840
1083872
1083923
1083962
1084824
1084856
1084892
1084943
1084982
1085828
1085859
1085911
1085949
1086821
1086853
1086904
1086943
1087821
1087853
1087905
1087944
1088870
1088902
1088953
1088992
1089832
1089864
1089904
1089951
1089990
1090830
1090862
1090913
1090952
1091829
1091861
1091912
1091951
1092829
1092860
1092913
1092952
1093820
1093852
1093903
1093942
1094818
1094849
1094885
1094937
1094976
1095818
1095849
1095901
1095940
1096816
1096848
1096899
1096938
1097816
1097847
1097899
1097937
1098814
1098846
1098898
1098936
1099816
1099848
1099884
1099936
1099975
1100814
1100845
1100897
1100936
1101864
1101935
1101948
1101992
1102824
1102856
1102908
1102946
1103813
1103845
1103896
1103935
1104824
1104856
1104891
1104943
1104982
1105811
1105843
1105894
1105933
1106811
1106843
1106895
1106933
1107821
1107853
1107904
1107943
1108811
1108842
1108894
1108933
1109820
1109851
1109890
1109939
1109978
1110816
1110848
1110899
1110938
1111859
1111890
1111943
1111982
1112809
1112841
1112893
1112931
1113826
1113858
1113910
1113948
1114810
1114841
1114876
1114929
1114968
1115814
1115846
1115897
1115936
1116817
1116849
1116900
1116939
1117815
1117847
1117899
1117938
1118816
1118848
1118899
1118938
1119808
1119840
1119876
1119928
1119966
1120804
1120836
1120889
1120927
1121805
1121837
1121888
1121927
1122865
1122896
1122948
1122987
1123824
1123856
1123907
1123946
1124815
1124847
1124883
1124934
1124973
1125806
1125837
1125889
1125927
1126802
1126834
1126886
1126924
1127801
1127833
1127885
1127923
1128801
1128833
1128884
1128923
1129802
1129834
1129870
1129921
1129960
1130800
1130831
1130883
1130921
1131799
1131831
1131884
1131921
1132850
1132883
1132933
1132972
1133799
1133831
1133882
1133921
1134799
1134831
1134867
1134918
1134957
1135799
1135831
1135882
1135921
1136796
1136828
1136879
1136918
1137798
1137829
1137881
1137920
1138796
1138828
1138880
1138918
1139798
1139829
1139865
1139916
1139955
1140796
1140828
1140880
1140919
1141795
1141827
1141879
1141918
1142795
1142827
1142878
1142917
1143864
1143896
1143947
1143986
1144795
1144826
1144862
1144913
1144952
1145799
1145831
1145883
1145922
1146800
1146831
1146883
1146921
1147793
1147825
1147876
1147915
1148791
1148823
1148874
1148913
1149793
1149825
1149859
1149912
1149950
1150811
1150841
1150894
1150932
1151790
1151821
1151873
1151911
1152790
1152822
1152873
1152912
1153849
1153881
1153932
1153973
1154790
1154822
1154857
1154909
1154948
1155788
1155820
1155872
1155911
1156789
1156820
1156872
1156911
1157798
1157830
1157881
1157920
1158787
1158818
1158870
1158908
1159787
1159819
1159855
1159906
1159945
1160785
1160817
1160868
1160907
1161786
1161818
1161870
1161908
1162784
1162816
1162868
1162906
1163785
1163816
1163868
1163907
1164835
1164867
1164903
1164954
1164993
1165784
1165815
1165867
1165905
1166792
1166824
1166876
1166915
1167793
1167823
1167876
1167915
1168782
1168814
1168866
1168904
1169793
1169824
1169860
1169911
1169950
1170788
1170820
1170872
1170911
1171780
1171812
1171863
1171902
1172801
1172833
1172884
1172923
1173780
1173812
1173864
1173903
1174788
1174819
1174858
1174906
1174945
1175786
1175818
1175870
1175909
1176828
1176860
1176911
1176950
1177778
1177809
1177861
1177900
1178777
1178809
1178861
1178899
1179779
1179810
1179846
1179897
1179936
1180776
1180808
1180860
1180899
1181776
1181807
1181859
1181898
1182775
1182807
1182859
1182898
1183775
1183807
1183859
1183897
1184796
1184828
1184864
1184916
1184955
1185824
1185856
1185907
1185953
1186774
1186805
1186856
1186895
1187782
1187814
1187866
1187904
1188774
1188806
1188857
1188896
1189794
1189826
1189862
1189913
1189952
1190792
1190823
1190875
1190914
1191772
1191803
1191855
1191894
1192770
1192802
1192853
1192892
1193771
1193802
1193853
1193892
1194771
1194803
1194839
1194890
1194929
1195769
1195800
1195852
1195891
1196768
1196800
1196852
1196891
1197838
1197870
1197921
1197960
1198768
1198799
1198851
1198889
1199769
1199801
1199837
1199888
1199927
1200774
1200805
1200857
1200896
1201766
1201798
1201850
1201889
1202765
1202797
1202848
1202887
1203785
1203817
1203868
1203907
1204785
1204815
1204851
1204903
1204944
1205766
1205797
1205849
1205888
1206770
1206802
1206854
1206893
1207814
1207845
1207898
1207943
1208763
1208795
1208846
1208885
1209763
1209795
1209831
1209882
1209920
1209993
1210023
1210076
1210115
1210973
1211004
1211056
1211095
1211972
1212004
1212055
1212094
1212972
1213003
1213054
1213093
1213973
1214005
1214040
1214092
1214131
1214970
1215002
1215054
1215093
1215764
1215796
1215847
1215886
1216761
1216793
1216845
1216883
1217761
1217793
1217845
1217884
1218812
1218844
1218871
1218923
1218962
1219762
1219793
1219845
1219884
1220759
1220791
1220843
1220882
1221760
1221791
1221842
1221881
1222759
1222791
1222842
1222881
1223759
1223791
1223819
1223870
1223909
1224758
1224790
1224841
1224880
1225757
1225789
1225840
1225879
1226757
1226788
1226841
1226878
1227748
1227780
1227833
1227870
1228809
1228840
1228867
1228919
1228958
1229748
1229779
1229832
1229870
1230763
1230794
1230845
1230884
1231747
1231777
1231836
1231868
1232755
1232787
1232838
1232877
1233757
1233788
1233815
1233867
1233906
1234760
1234792
1234843
1234882
1235745
1235777
1235829
1235867
1236760
1236792
1236844
1236882
1237742
1237774
1237828
1237865
1238753
1238785
1238812
1238863
1238902
1239793
1239827
1239876
1239915
1240742
1240774
1240826
1240864
1241750
1241782
1241833
1241872
1242740
1242772
1242843
1242862
1243751
1243783
1243810
1243862
1243900
1244749
1244781
1244832
1244871
1245740
1245771
1245825
1245861
1246747
1246779
1246831
1246869
1247738
1247770
1247823
1247860
1248749
1248781
1248807
1248860
1248899
1249797
1249828
1249881
1249923
1250747
1250778
1250830
1250869
1251738
1251770
1251822
1251860
1252745
1252776
1252828
1252867
1253737
1253769
1253795
1253848
1253886
1254736
1254767
1254820
1254858
1255743
1255775
1255826
1255865
1256733
1256765
1256819
1256856
1257742
1257774
1257825
1257864
1258735
1258767
1258795
1258846
1258885
1259734
1259765
1259823
1259855
1260748
1260779
1260831
1260870
1261740
1261771
1261822
1261861
1262790
1262822
1262873
1262932
1263741
1263773
1263801
1263852
1263891
1264746
1264778
1264829
1264868
1265730
1265762
1265815
1265852
1266745
1266777
1266828
1266867
1267730
1267761
1267814
1267852
1268740
1268771
1268798
1268850
1268889
1269736
1269768
1269819
1269858
1270777
1270817
1270860
1270899
1271727
1271758
1271812
1271848
1272735
1272767
1272818
1272857
1273728
1273758
1273786
1273838
1273876
1274725
1274757
1274815
1274848
1275735
1275766
1275817
1275856
1276724
1276755
1276810
1276847
1277732
1277763
1277815
1277854
1278713
1278743
1278771
1278822
1278861
1279709
1279740
1279792
1279831
1280717
1280749
1280800
1280839
1281727
1281759
1281810
1281849
1282716
1282747
1282799
1282838
1283778
1283810
1283836
1283889
1283928
1284715
1284747
1284798
1284837
1285725
1285756
1285811
1285848
1286706
1286737
1286789
1286828
1287713
1287745
1287797
1287836
1288705
1288736
1288755
1288806
1288845
1289711
1289743
1289794
1289833
1290707
1290735
1290786
1290825
1291761
1291793
1291844
1291883
1292710
1292742
1292793
1292832
1293703
1293734
1293761
1293813
1293852
1294701
1294733
1294785
1294824
1295709
1295740
1295793
1295832
1296707
1296739
1296791
1296830
1297708
1297738
1297790
1297829
1298700
1298732
1298758
1298810
1298849
1299698
1299731
1299782
1299821
1299918
1299950
1300003
1300040
1300918
1300950
1301003
1301040
1301908
1301940
1301997
1302030
1302918
1302949
1302977
1303028
1303067
1303916
1303948
1303999
1304038
1304975
1305007
1305059
1305097
1305715
1305747
1305798
1305837
1306705
1306737
1306788
1306827
1307717
1307749
1307777
1307828
1307867
1308716
1308747
1308800
1308837
1309706
1309737
1309794
1309828
1310714
1310746
1310797
1310836
1311706
1311736
1311793
1311827
1312765
1312797
1312824
1312876
1312915
1313704
1313736
1313797
1313826
1314711
1314743
1314795
1314834
1315703
1315735
1315791
1315825
1316711
1316743
1316794
1316833
1317703
1317735
1317763
1317814
1317853
1318701
1318732
1318795
1318822
1319700
1319732
1319794
1319822
1320710
1320741
1320794
1320833
1321707
1321739
1321791
1321830
1322701
1322733
1322760
1322812
1322851
1323718
1323750
1323801
1323840
1324707
1324738
1324791
1324829
1325706
1325737
1325789
1325828
1326706
1326738
1326789
1326828
1327763
1327795
1327821
1327874
1327912
1328708
1328740
1328791
1328830
1329707
1329738
1329789
1329828
1330697
1330728
1330789
1330819
1331697
1331729
1331788
1331820
1332698
1332729
1332757
1332808
1332847
1333743
1333775
1333827
1333866
1334692
1334724
1334781
1334814
1335701
1335733
1335784
1335823
1336694
1336726
1336781
1336816
1337696
1337728
1337754
1337806
1337845
1338693
1338725
1338785
1338816
1339693
1339724
1339780
1339814
1340693
1340725
1340779
1340815
1341692
1341724
1341778
1341815
1342693
1342725
1342752
1342803
1342842
1343691
1343723
1343777
1343813
1344691
1344722
1344782
1344813
1345699
1345731
1345782
1345821
1346690
1346721
1346777
1346811
1347692
1347723
1347750
1347803
1347841
1348749
1348780
1348832
1348880
1349689
1349721
1349780
1349812
1350696
1350728
1350779
1350818
1351695
1351727
1351779
1351818
1352688
1352720
1352748
1352799
1352838
1353688
1353719
1353773
1353809
1354737
1354772
1354820
1354859
1355702
1355734
1355785
1355824
1356693
1356725
1356777
1356816
1357692
1357724
1357752
1357803
1357842
1358694
1358726
1358777
1358816
1359692
1359723
1359775
1359814
1360683
1360714
1360770
1360804
1361683
1361714
1361769
1361805
1362683
1362715
1362743
1362794
1362833
1363682
1363714
1363768
1363804
1364681
1364712
1364767
1364803
1365682
1365713
1365767
1365804
1366680
1366712
1366766
1366802
1367681
1367712
1367740
1367791
1367830
1368679
1368711
1368766
1368801
1369730
1369765
1369812
1369851
1370687
1370719
1370770
1370809
1371678
1371710
1371764
1371801
1372680
1372711
1372738
1372790
1372829
1373685
1373717
1373780
1373807
1374678
1374709
1374763
1374799
1375727
1375762
1375810
1375849
1376685
1376716
1376769
1376807
1377686
1377718
1377744
1377797
1377836
1378683
1378715
1378766
1378805
1379683
1379715
1379767
1379806
1380683
1380714
1380766
1380805
1381689
1381721
1381772
1381811
1382683
1382714
1382742
1382794
1382832
1383681
1383712
1383776
1383802
1384672
1384704
1384763
1384794
1385677
1385709
1385761
1385800
1386679
1386711
1386763
1386802
1387679
1387711
1387738
1387790
1387829
1388679
1388710
1388762
1388801
1389670
1389702
1389756
1389792
1390720
1390760
1390802
1390841
1391677
1391709
1391760
1391799
1392669
1392701
1392728
1392780
1392819
1393668
1393699
1393754
1393789
1394666
1394698
1394753
1394789
1395667
1395698
1395758
1395789
1396717
1396757
1396801
1396839
1397676
1397707
1397734
1397786
1397825
1398673
1398705
1398757
1398796
1399665
1399697
1399751
1399787
1400664
1400695
1400751
1400785
1401672
1401704
1401756
1401795
1402674
1402705
1402733
1402784
1402823
1403671
1403703
1403755
1403794
1404670
1404702
1404754
1404793
1405670
1405702
1405753
1405792
1406662
1406693
1406752
1406784
1407663
1407694
1407722
1407773
1407812
1408668
1408700
1408752
1408791
1409664
1409692
1409746
1409782
1410659
1410691
1410746
1410781
1411676
1411706
1411759
1411798
1412676
1412708
1412734
1412787
1412826
1413708
1413749
1413791
1413830
1414666
1414697
1414749
1414788
1415663
1415695
1415746
1415785
1416655
1416687
1416742
1416778
1417665
1417697
1417723
1417776
1417815
1418715
1418746
1418798
1418842
1419664
1419696
1419747
1419786
1420663
1420695
1420746
1420785
1421663
1421694
1421746
1421785
1422655
1422687
1422714
1422766
1422804
1423662
1423692
1423745
1423783
1424652
1424684
1424744
1424774
1425652
1425684
1425738
1425774
1426651
1426682
1426738
1426772
1427652
1427684
1427712
1427763
1427802
1428652
1428683
1428737
1428773
1429650
1429682
1429737
1429773
1430649
1430681
1430740
1430771
1431658
1431689
1431741
1431780
1432650
1432681
1432709
1432761
1432799
1433649
1433680
1433735
1433771
1434698
1434734
1434781
1434820
1435656
1435687
1435740
1435779
1436655
1436687
1436738
1436777
1437648
1437680
1437707
1437759
1437798
1438654
1438686
1438738
1438777
1439695
1439731
1439778
1439817
1440646
1440677
1440732
1440768
1441653
1441685
1441737
1441775
1442655
1442686
1442713
1442765
1442804
1443652
1443684
1443735
1443774
1444642
1444674
1444729
1444764
1445646
1445673
1445729
1445764
1446641
1446673
1446728
1446763
1447650
1447682
1447708
1447760
1447799
1448657
1448689
1448740
1448779
1449650
1449680
1449733
1449772
1450649
1450680
1450732
1450771
1451648
1451679
1451731
1451770
1452650
1452682
1452708
1452761
1452800
1453647
1453679
1453730
1453769
1454638
1454669
1454729
1454759
1455688
1455729
1455771
1455810
1456646
1456677
1456729
1456768
1457648
1457679
1457707
1457759
1457798
1458646
1458677
1458728
1458767
1459645
1459677
1459728
1459767
1460695
1460726
1460777
1460822
1461644
1461676
1461728
1461766
1462644
1462676
1462704
1462755
1462794
1463643
1463673
1463726
1463764
1464653
1464684
1464736
1464775
1465641
1465673
1465724
1465763
1466641
1466673
1466724
1466763
1467634
1467666
1467693
1467745
1467784
1468640
1468672
1468723
1468762
1469630
1469662
1469717
1469752
1470630
1470661
1470716
1470752
1471630
1471662
1471716
1471752
1472637
1472669
1472696
1472748
1472787
1473637
1473669
1473790
1473797
1474628
1474706
1474712
1474751
1475628
1475659
1475715
1475749
1476643
1476675
1476726
1476765
1477644
1477676
1477702
1477754
1477793
1478677
1478718
1478760
1478799
1479635
1479667
1479718
1479757
1480634
1480666
1480717
1480756
1481675
1481711
1481759
1481798
1482635
1482667
1482693
1482745
1482784
1483632
1483664
1483716
1483754
1484624
1484656
1484710
1484746
1485632
1485664
1485716
1485755
1486631
1486663
1486715
1486754
1487632
1487664
1487699
1487751
1487790
1488630
1488662
1488714
1488753
1489631
1489662
1489714
1489753
1490630
1490662
1490713
1490752
1491630
1491661
1491713
1491751
1492630
1492662
1492698
1492750
1492788
1493619
1493651
1493710
1493742
1494638
1494670
1494721
1494760
1495619
1495650
1495710
1495741
1496619
1496650
1496710
1496740
1497620
1497652
1497679
1497731
1497769
1498626
1498656
1498708
1498747
1499668
1499703
1499751
1499790
1500625
1500657
1500708
1500747
1501625
1501657
1501708
1501747
1502633
1502665
1502706
1502752
1502791
1503675
1503707
1503758
1503801
1504614
1504646
1504701
1504736
1505613
1505645
1505700
1505736
1506621
1506653
1506704
1506743
1507614
1507646
1507682
1507733
1507772
1508629
1508660
1508712
1508751
1509602
1509634
1509685
1509724
1509833
1509864
1509916
1509955
1510841
1510873
1510924
1510963
1511823
1511854
1511889
1511942
1511981
1512820
1512852
1512903
1512942
1513820
1513851
1513903
1513942
1514839
1514870
1514921
1514960
1515609
1515640
1515696
1515729
1515839
1515871
1515907
1515959
1515997
1516834
1516866
1516917
1516956
1517834
1517865
1517918
1517957
1518816
1518848
1518899
1518938
1519815
1519847
1519898
1519937
1520868
1520899
1520934
1520998
1521026
1521604
1521636
1521692
1521726
1522604
1522635
1522692
1522725
1523604
1523636
1523691
1523726
1524652
1524683
1524734
1524773
1525611
1525643
1525670
1525722
1525761
1526599
1526631
1526682
1526721
1527599
1527630
1527682
1527720
1528598
1528630
1528681
1528720
1529608
1529639
1529694
1529730
1530599
1530631
1530657
1530710
1530748
1531607
1531638
1531689
1531728
1532603
1532635
1532687
1532725
1533595
1533627
1533679
1533717
1534604
1534636
1534687
1534726
1535594
1535626
1535644
1535695
1535734
1536609
1536641
1536692
1536731
1537602
1537634
1537685
1537724
1538597
1538629
1538684
1538719
1539592
1539622
1539675
1539714
1540602
1540634
1540653
1540705
1540744
1541641
1541672
1541724
1541763
1542590
1542622
1542673
1542712
1543600
1543631
1543683
1543721
1544589
1544621
1544672
1544711
1545660
1545692
1545710
1545762
1545801
1546588
1546619
1546671
1546710
1547597
1547629
1547681
1547719
1548587
1548618
1548670
1548709
1549596
1549628
1549679
1549718
1550587
1550619
1550638
1550690
1550729
1551605
1551637
1551688
1551727
1552584
1552615
1552667
1552706
1553584
1553615
1553667
1553705
1554593
1554625
1554676
1554715
1555594
1555625
1555644
1555696
1555735
1556584
1556615
1556667
1556706
1557603
1557635
1557686
1557725
1558592
1558624
1558676
1558714
1559582
1559614
1559665
1559704
1560592
1560624
1560643
1560694
1560733
1561581
1561613
1561664
1561703
1562588
1562619
1562678
1562710
1563595
1563627
1563678
1563717
1564640
1564672
1564724
1564763
1565580
1565611
1565630
1565681
1565720
1566596
1566626
1566679
1566717
1567648
1567680
1567731
1567770
1568584
1568616
1568675
1568706
1569577
1569608
1569660
1569699
1570598
1570629
1570649
1570700
1570739
1571586
1571617
1571668
1571707
1572576
1572608
1572659
1572698
1573584
1573616
1573672
1573706
1574585
1574617
1574668
1574707
1575576
1575607
1575626
1575677
1575716
1576584
1576615
1576667
1576706
1577572
1577604
1577655
1577694
1578572
1578604
1578655
1578694
1579573
1579603
1579656
1579695
1580573
1580605
1580623
1580675
1580713
1581571
1581602
1581655
1581692
1582590
1582622
1582673
1582712
1583569
1583601
1583652
1583691
1584570
1584602
1584653
1584692
1585620
1585652
1585672
1585723
1585762
1586579
1586611
1586662
1586701
1587567
1587599
1587650
1587689
1588639
1588671
1588722
1588765
1589577
1589609
1589660
1589699
1590568
1590600
1590619
1590671
1590710
1591566
1591598
1591649
1591688
1592566
1592598
1592649
1592688
1593565
1593596
1593648
1593687
1594565
1594597
1594648
1594687
1595566
1595597
1595617
1595668
1595707
1596574
1596606
1596661
1596696
1597562
1597594
1597646
1597684
1598569
1598601
1598656
1598692
1599579
1599610
1599662
1599700
1600563
1600594
1600613
1600665
1600704
1601570
1601602
1601659
1601693
1602571
1602603
1602659
1602693
1603560
1603592
1603643
1603682
1604580
1604612
1604664
1604703
1605562
1605593
1605620
1605672
1605710
1606621
1606651
1606704
1606743
1607560
1607591
1607643
1607682
1608558
1608590
1608642
1608681
1609610
1609641
1609693
1609732
1610569
1610601
1610637
1610688
1610727
1611558
1611589
1611641
1611680
1612567
1612599
1612651
1612690
1613571
1613602
1613654
1613692
1614589
1614621
1614672
1614711
1615571
1615603
1615656
1615708
1615748
1616570
1616601
1616653
1616692
1617570
1617601
1617653
1617692
1618578
1618610
1618662
1618700
1619576
1619608
1619659
1619698
1620587
1620619
1620671
1620707
1620758
1620797
1621583
1621614
1621666
1621705
1622573
1622604
1622656
1622694
1623580
1623612
1623663
1623702
1624572
1624604
1624656
1624694
1625574
1625606
1625659
1625695
1625746
1625785
1626571
1626602
1626654
1626693
1627578
1627610
1627662
1627701
1628577
1628609
1628660
1628699
1629623
1629655
1629706
1629745
1629787
1629818
1629871
1629906
1629959
1629998
1630845
1630872
1630923
1630962
1631773
1631805
1631856
1631895
1632781
1632813
1632864
1632903
1633773
1633805
1633856
1633895
1634801
1634838
1634885
1634929
1634981
1635020
1635600
1635631
1635683
1635722
1636571
1636601
1636654
1636692
1637577
1637609
1637660
1637699
1638568
1638600
1638651
1638690
1639582
1639614
1639667
1639719
1639771
1639810
1640579
1640610
1640662
1640700
1641580
1641612
1641663
1641702
1642577
1642609
1642660
1642699
1643577
1643609
1643661
1643700
1644580
1644612
1644664
1644718
1644769
1644808
1645559
1645591
1645642
1645681
1646576
1646607
1646659
1646698
1647577
1647608
1647660
1647698
1648577
1648609
1648660
1648699
1649547
1649579
1649636
1649676
1649731
1649766
1650616
1650648
1650699
1650738
1651607
1651638
1651690
1651735
1652556
1652588
1652639
1652678
1653581
1653613
1653664
1653703
1654558
1654590
1654642
1654694
1654728
1654774
1654812
1655574
1655605
1655657
1655696
1656572
1656604
1656655
1656694
1657580
1657611
1657663
1657702
1658553
1658585
1658636
1658675
1659582
1659614
1659666
1659719
1659755
1659806
1659845
1660561
1660592
1660644
1660683
1661552
1661584
1661635
1661674
1662561
1662593
1662644
1662683
1663551
1663583
1663634
1663673
1664555
1664585
1664638
1664691
1664729
1664778
1664818
1665561
1665593
1665644
1665683
1666558
1666590
1666641
1666680
1667550
1667581
1667633
1667672
1668568
1668599
1668651
1668689
1669570
1669602
1669654
1669707
1669742
1669794
1669833
1670566
1670598
1670649
1670688
1671621
1671650
1671702
1671741
1672598
1672630
1672681
1672725
1673566
1673597
1673649
1673688
1674550
1674582
1674635
1674687
1674731
1674783
1674824
1675546
1675578
1675629
1675668
1676565
1676597
1676648
1676687
1677565
1677597
1677648
1677687
1678545
1678577
1678628
1678667
1679565
1679597
1679650
1679703
1679747
1679799
1679838
1680544
1680576
1680627
1680666
1681552
1681584
1681636
1681675
1682543
1682575
1682626
1682665
1683579
1683619
1683662
1683701
1684553
1684584
1684637
1684689
1684733
1684786
1684825
1685541
1685572
1685624
1685663
1686560
1686591
1686643
1686682
1687567
1687598
1687650
1687689
1688541
1688572
1688624
1688663
1689561
1689592
1689645
1689697
1689741
1689792
1689831
1689873
1689905
1689956
1689995
1690767
1690799
1690850
1690889
1691757
1691789
1691840
1691879
1692811
1692839
1692892
1692931
1693818
1693849
1693902
1693955
1693982
1694033
1694072
1694757
1694789
1694840
1694879
1695609
1695637
1695687
1695726
1695768
1695799
1695850
1695889
1696616
1696647
1696698
1696737
1697631
1697662
1697714
1697766
1697810
1697861
1697899
1698630
1698661
1698712
1698751
1699630
1699660
1699712
1699750
1700629
1700660
1700711
1700750
1701515
1701545
1701597
1701635
1701723
1701754
1701807
1701858
1701885
1701936
1701975
1702612
1702644
1702695
1702733
1703631
1703663
1703716
1703756
1704619
1704649
1704705
1704743
1705611
1705643
1705695
1705736
1706612
1706643
1706695
1706747
1706782
1706835
1706876
1707431
1707463
1707516
1707556
1707679
1707710
1707763
1707808
1708611
1708643
1708696
1708736
1709664
1709716
1709791
1709832
1711350
1711404
1711477
1711550
1711605
1711680
1711720
1712344
1712406
1712471
1712512
1713363
1713417
1713492
1713532
1714351
1714405
1714480
1714521
1715351
1715404
1715478
1715519
1716367
1716421
1716499
1716567
1716622
1716699
1716738
1717345
1717404
1717474
1717515
1718366
1718420
1718498
1718536
1719344
1719398
1719473
1719513
1720368
1720422
1720498
1720538
1721340
1721397
1721467
1721540
1721596
1721671
1721711
1722348
1722402
1722477
1722517
1723364
1723418
1723500
1723534
1724355
1724409
1724484
1724524
1725356
1725410
1725485
1725526
1726356
1726411
1726485
1726558
1726618
1726699
1726734
1727340
1727396
1727471
1727512
1728355
1728411
1728486
1728527
1729355
1729412
1729492
1729527
1730338
1730394
1730469
1730509
1731354
1731410
1731483
1731556
1731616
1731697
1731732
1732380
1732441
1732515
1732556
1733355
1733415
1733496
1733531
1734339
1734400
1734474
1734515
1735344
1735404
1735479
1735520
1736347
1736408
1736480
1736553
1736619
1736694
1736734
1737362
1737422
1737497
1737537
1738363
1738424
1738499
1738540
1739343
1739404
1739479
1739520
1740341
1740401
1740477
1740517
1741348
1741409
1741487
1741554
1741620
1741694
1741735
1742347
1742407
1742491
1742523
1743351
1743412
1743486
1743527
1744378
1744439
1744514
1744555
1745357
1745418
1745494
1745533
1746362
1746422
1746495
1746568
1746633
1746709
1746749
1747353
1747412
1747488
1747528
1748357
1748417
1748492
1748532
1749357
1749417
1749492
1749533
1750375
1750437
1750513
1750553
1751358
1751420
1751493
1751566
1751636
1751711
1751752
1752339
1752401
1752482
1752517
1753348
1753410
1753485
1753526
1754362
1754425
1754500
1754541
1755338
1755401
1755481
1755515
1756347
1756409
1756482
1756555
1756626
1756656
1756731
1756772
1757352
1757415
1757491
1757531
1758360
1758423
1758498
1758538
1759341
1759401
1759478
1759517
1760344
1760406
1760481
1760522
1761342
1761404
1761482
1761550
1761620
1761651
1761726
1761766
1762343
1762406
1762482
1762522
1763334
1763396
1763477
1763512
1764342
1764405
1764480
1764520
1765345
1765405
1765481
1765521
1766339
1766402
1766475
1766547
1766618
1766643
1766718
1766759
1767339
1767401
1767476
1767516
1768351
1768414
1768488
1768528
1769336
1769399
1769479
1769515
1770342
1770404
1770479
1770520
1771344
1771407
1771481
1771553
1771622
1771646
1771722
1771762
1772350
1772412
1772487
1772528
1773334
1773396
1773472
1773512
1774350
1774412
1774487
1774528
1775340
1775400
1775475
1775516
1776337
1776400
1776473
1776545
1776616
1776642
1776716
1776757
1777347
1777410
1777485
1777525
1778328
1778391
1778469
1778506
1779333
1779395
1779470
1779511
1780340
1780403
1780477
1780517
1781339
1781401
1781475
1781548
1781618
1781643
1781719
1781758
1782344
1782407
1782481
1782522
1783327
1783390
1783472
1783505
1784335
1784397
1784472
1784513
1785339
1785402
1785477
1785518
1786355
1786416
1786489
1786565
1786633
1786657
1786733
1786773
1787340
1787401
1787476
1787516
1788328
1788391
1788466
1788506
1789337
1789400
1789474
1789515
1790325
1790386
1790469
1790501
1791336
1791396
1791469
1791543
1791613
1791638
1791713
1791754
1792343
1792405
1792480
1792520
1793324
1793386
1793463
1793502
1794322
1794384
1794466
1794500
1795339
1795401
1795476
1795517
1796333
1796396
1796468
1796541
1796612
1796637
1796712
1796753
1797331
1797394
1797469
1797510
1798326
1798388
1798465
1798504
1799320
1799383
1799459
1799498
