7937
8806
8885
8891
8928
9865
9871
9895
9934
10864
10870
10876
10927
10966
11811
11843
11894
11933
12803
12834
12890
12924
13810
13842
13894
13932
14821
14853
14904
14943
15811
15843
15861
15913
15952
16820
16850
16903
16942
17809
17841
17892
17931
18819
18850
18902
18940
19808
19840
19891
19930
20819
20851
20870
20921
20960
21808
21839
21891
21929
22799
22831
22885
22921
23806
23838
23889
23928
24815
24847
24899
24938
25806
25838
25857
25908
25947
26814
26846
26897
26936
27803
27835
27887
27926
28813
28845
28897
28936
29803
29835
29886
29925
30814
30845
30864
30916
30955
31802
31834
31887
31924
32812
32843
32894
32933
33802
33832
33885
33924
34810
34842
34894
34933
35801
35832
35852
35903
35942
36810
36841
36893
36932
37799
37831
37883
37921
38791
38822
38879
38914
39799
39831
39883
39921
40810
40842
40860
40911
40950
41798
41830
41881
41920
42789
42821
42876
42911
43797
43829
43880
43919
44807
44838
44890
44929
45798
45830
45848
45900
45939
46796
46828
46879
46918
47805
47837
47889
47928
48795
48827
48891
48917
49805
49837
49888
49927
50796
50828
50846
50897
50936
51804
51835
51887
51926
52794
52826
52877
52916
53785
53817
53872
53907
54793
54824
54876
54915
55803
55835
55854
55906
55945
56792
56823
56875
56913
57801
57833
57884
57923
58791
58822
58888
58913
59800
59832
59884
59923
60791
60823
60843
60894
60933
61800
61832
61883
61922
62789
62821
62872
62911
63781
63813
63868
63903
64788
64820
64872
64910
65799
65830
65849
65901
65940
66788
66819
66871
66910
67796
67828
67880
67919
68787
68818
68870
68909
69778
69810
69870
69901
70788
70819
70838
70889
70928
71777
71809
71865
71899
72785
72817
72868
72907
73795
73827
73878
73917
74784
74816
74867
74906
75795
75827
75845
75897
75936
76783
76815
76866
76905
77793
77825
77876
77915
78783
78814
78866
78905
79774
79806
79866
79896
80783
80815
80834
80885
80924
81790
81822
81874
81913
82781
82812
82864
82903
83772
83803
83860
83894
84780
84810
84862
84901
85791
85822
85841
85893
85932
86779
86811
86863
86901
87788
87820
87872
87910
88778
88810
88862
88900
89788
89820
89871
89910
90778
90810
90829
90881
90919
91769
91801
91856
91891
92777
92809
92860
92899
93786
93817
93870
93907
94776
94808
94860
94898
95769
95800
95819
95870
95909
96775
96806
96859
96898
97784
97816
97867
97906
98775
98805
98857
98896
99783
99815
99866
99905
100774
100806
100825
100877
100916
101782
101814
101865
101904
102772
102804
102857
102894
103763
103795
103852
103886
104771
104803
104855
104893
105782
105814
105833
105884
105923
106771
106802
106854
106893
107781
107811
107864
107902
108769
108801
108854
108891
109779
109811
109862
109901
110771
110801
110821
110872
110911
111769
111800
111852
111891
112778
112809
112861
112900
113766
113798
113850
113889
114777
114807
114860
114898
115768
115800
115819
115870
115909
116776
116808
116859
116898
117766
117797
117849
117888
118775
118807
118858
118897
119766
119796
119848
119887
120758
120790
120809
120860
120899
121764
121796
121848
121886
122774
122805
122857
122896
123763
123795
123846
123885
124755
124786
124843
124877
125764
125796
125814
125867
125904
126772
126803
126855
126894
127762
127794
127846
127884
128772
128802
128855
128893
129761
129793
129844
129883
130771
130803
130822
130874
130913
131760
131791
131843
131881
132769
132801
132852
132891
133760
133790
133842
133881
134751
134782
134843
134873
135759
135791
135810
135862
135901
136750
136781
136837
136871
137757
137789
137840
137879
138767
138799
138850
138889
139756
139788
139840
139879
140768
140798
140818
140869
140908
141755
141787
141840
141878
142765
142796
142849
142887
143755
143787
143838
143877
144745
144777
144834
144867
145756
145786
145806
145857
145896
146763
146795
146846
146885
147752
147784
147837
147875
148762
148794
148845
148884
149752
149784
149835
149874
150763
150795
150813
150865
150904
151751
151783
151834
151873
152742
152774
152830
152864
153750
153782
153835
153873
154760
154791
154844
154883
155751
155783
155801
155852
155891
156759
156790
156843
156881
157749
157780
157832
157871
158758
158790
158841
158880
159748
159779
159831
159869
160758
160790
160809
160861
160900
161746
161778
161830
161869
162739
162769
162826
162861
163746
163777
163829
163868
164755
164787
164839
164878
165746
165778
165797
165849
165888
166736
166768
166829
166858
167744
167776
167829
167866
168754
168785
168838
168876
169744
169775
169827
169866
170755
170786
170805
170856
170895
171743
171774
171826
171865
172734
172766
172826
172856
173742
173773
173827
173863
174751
174783
174834
174873
175742
175774
175793
175844
175883
176750
176782
176833
176872
177740
177771
177823
177862
178732
178763
178819
178853
179739
179771
179822
179861
180750
180782
180801
180852
180891
181738
181770
181823
181860
182748
182779
182831
182870
183738
183770
183821
183860
184747
184778
184829
184868
185738
185769
185788
185840
185879
186745
186777
186829
186868
187736
187767
187820
187857
188728
188760
188819
188850
189734
189766
189817
189856
190746
190778
190796
190849
190887
191734
191765
191817
191856
192743
192775
192826
192865
193733
193765
193817
193855
194743
194774
194826
194865
195733
195765
195783
195835
195874
196742
196773
196825
196864
197731
197763
197814
197853
198723
198754
198810
198845
199730
199761
199814
199853
200740
200772
200792
200843
200882
201730
201761
201812
201851
202738
202770
202822
202861
203728
203760
203811
203850
204738
204770
204821
204860
205729
205761
205779
205831
205870
206720
206751
206812
206841
207727
207758
207811
207849
208736
208768
208820
208859
209726
209758
209809
209848
210718
210750
210769
210821
210860
211725
211757
211808
211847
212717
212749
212809
212839
213724
213755
213809
213846
214716
214748
214803
214838
215725
215756
215775
215827
215866
216733
216764
216816
216855
217722
217754
217805
217844
218732
218764
218815
218854
219721
219753
219806
219843
220733
220764
220783
220834
220873
221721
221752
221804
221843
222712
222744
222799
222834
223720
223752
223803
223842
224729
224760
224813
224851
225720
225752
225771
225822
225861
226728
226759
226811
226850
227718
227749
227802
227841
228727
228759
228810
228849
229718
229748
229800
229839
230728
230760
230778
230830
230868
231716
231748
231799
231838
232709
232739
232800
232830
233715
233747
233800
233837
234706
234738
234795
234828
235716
235748
235766
235817
235856
236706
236738
236793
236828
237713
237745
237797
237836
238723
238754
238806
238844
239713
239745
239796
239835
240723
240755
240774
240826
240865
241712
241743
241797
241833
242721
242753
242804
242843
243703
243734
243790
243825
244711
244742
244794
244833
245721
245752
245772
245823
245862
246710
246742
246794
246832
247719
247751
247802
247841
248709
248740
248792
248830
249718
249750
249801
249840
250710
250741
250760
250812
250850
251717
251749
251800
251839
252707
252739
252790
252829
253716
253748
253799
253838
254706
254738
254790
254828
255717
255749
255767
255818
255857
256705
256737
256788
256827
257715
257746
257798
257837
258705
258736
258788
258827
259714
259745
259796
259835
260705
260737
260755
260807
260845
261695
261727
261782
261817
262703
262734
262787
262824
263711
263743
263795
263834
264701
264733
264784
264823
265713
265745
265763
265816
265854
266700
266732
266783
266822
267693
267723
267785
267814
268700
268731
268784
268822
269709
269741
269793
269832
270700
270732
270750
270802
270841
271709
271739
271792
271831
272698
272730
272781
272820
273708
273739
273790
273829
274697
274728
274781
274820
275690
275722
275740
275792
275831
276697
276728
276781
276818
277688
277720
277775
277810
278695
278727
278778
278817
279705
279737
279788
279827
280695
280727
280747
280798
280837
281704
281736
281787
281826
282693
282725
282777
282815
283703
283735
283786
283825
284692
284724
284775
284814
285685
285717
285735
285787
285826
286692
286724
286777
286814
287682
287714
287771
287804
288691
288722
288774
288813
289700
289732
289783
289822
290692
290723
290742
290793
290832
291699
291731
291783
291821
292689
292720
292773
292811
293681
293712
293773
293803
294688
294719
294771
294810
295699
295730
295749
295800
295839
296687
296719
296770
296809
297697
297729
297780
297819
298686
298718
298771
298808
299678
299709
299770
299800
300687
300719
300737
300789
300827
301694
301726
301778
301816
302685
302716
302768
302807
303694
303725
303777
303816
304684
304715
304766
304805
305695
305726
305745
305797
305836
306683
306714
306766
306805
307692
307724
307775
307814
308681
308713
308765
308804
309673
309705
309762
309795
310682
310714
310733
310785
310823
311690
311721
311774
311813
312680
312712
312764
312802
313671
313702
313787
313793
314680
314712
314764
314802
315689
315721
315741
315792
315831
316679
316709
316762
316801
317687
317719
317771
317809
318678
318709
318760
318799
319668
319699
319761
319790
320677
320709
320729
320780
320819
321676
321708
321759
321798
322667
322699
322755
322789
323675
323706
323758
323796
324684
324716
324767
324806
325676
325707
325726
325778
325817
326665
326696
326758
326787
327673
327705
327756
327795
328683
328715
328766
328805
329672
329704
329755
329794
330665
330696
330716
330767
330806
331671
331703
331754
331793
332681
332712
332764
332803
333671
333702
333754
333793
334681
334711
334789
334802
335671
335703
335721
335773
335812
336660
336692
336754
336782
337669
337700
337752
337790
338661
338692
338748
338783
339668
339699
339751
339790
340679
340711
340729
340782
340820
341667
341699
341750
341789
342676
342708
342759
342798
343666
343698
343751
343788
344676
344707
344759
344798
345666
345698
345717
345768
345807
346675
346706
346758
346797
347664
347696
347748
347787
348655
348687
348743
348777
349663
349694
349748
349786
350664
350696
350714
350767
350806
351654
351686
351742
351776
352662
352694
352745
352784
353653
353685
353741
353775
354661
354693
354744
354783
355672
355703
355723
355774
355813
356661
356692
356745
356783
357669
357701
357752
357791
358660
358690
358743
358781
359651
359683
359739
359773
360659
360691
360711
360762
360801
361668
361700
361751
361790
362657
362689
362742
362779
363649
363680
363737
363771
364677
364689
364740
364779
365668
365699
365718
365769
365808
366655
366687
366739
366777
367667
367697
367750
367789
368655
368687
368738
368777
369646
369678
369734
369768
370655
370686
370706
370757
370796
371663
371695
371746
371785
372653
372684
372737
372775
373662
373694
373745
373784
374652
374683
374735
374774
375662
375694
375713
375764
375803
376651
376683
376736
376773
377660
377692
377744
377783
378650
378682
378733
378772
379641
379673
379729
379764
380651
380683
380701
380752
380791
381659
381690
381742
381780
382648
382680
382733
382770
383640
383672
383732
383762
384648
384679
384731
384770
385658
385690
385709
385761
385800
386647
386678
386729
386768
387656
387688
387739
387778
388645
388677
388728
388767
389655
389687
389738
389777
390646
390678
390696
390748
390787
391654
391686
391737
391776
392644
392676
392727
392766
393644
393675
393726
393765
394653
394684
394736
394775
395644
395675
395695
395746
395785
396652
396684
396735
396774
397641
397673
397724
397763
398651
398683
398734
398773
399641
399672
399724
399763
400633
400665
400685
400736
400775
401640
401672
401723
401762
402650
402681
402733
402771
403639
403671
403722
403761
404648
404680
404731
404770
405640
405671
405690
405741
405780
406647
406679
406730
406769
407636
407668
407719
407758
408629
408660
408721
408751
409635
409667
409721
409758
410647
410678
410697
410748
410787
411635
411667
411718
411757
412645
412677
412728
412767
413634
413666
413717
413756
414644
414675
414727
414766
415635
415667
415685
415736
415775
416625
416657
416713
416747
417632
417664
417716
417755
418642
418673
418725
418764
419632
419663
419715
419753
420624
420656
420674
420726
420764
421632
421662
421715
421753
422640
422672
422723
422762
423630
423662
423713
423752
424639
424671
424723
424762
425630
425662
425680
425733
425772
426620
426652
426708
426743
427628
427660
427713
427750
428638
428668
428721
428760
429627
429659
429710
429749
430638
430669
430688
430740
430779
431627
431657
431710
431749
432635
432667
432718
432757
433625
433656
433709
433746
434635
434666
434718
434757
435625
435657
435677
435728
435767
436633
436665
436717
436755
437623
437655
437706
437745
438633
438664
438716
438755
439622
439654
439705
439744
440615
440647
440666
440718
440757
441622
441654
441706
441744
442613
442645
442701
442735
443621
443652
443704
443743
444612
444644
444700
444734
445621
445652
445671
445723
445762
446610
446642
446704
446732
447619
447650
447704
447740
448611
448642
448698
448733
449618
449649
449701
449740
450611
450642
450661
450713
450752
451617
451649
451700
451739
452626
452658
452710
452749
453616
453648
453699
453738
454625
454657
454709
454748
455616
455648
455667
455718
455757
456607
456638
456699
456729
457614
457646
457699
457736
458605
458637
458693
458727
459614
459645
459697
459736
460606
460638
460656
460708
460747
461613
461644
461696
461734
462622
462654
462705
462744
463611
463643
463696
463733
464621
464652
464704
464743
465612
465643
465662
465714
465753
466603
466633
466690
466724
467610
467642
467693
467732
468619
468651
468702
468741
469609
469641
469694
469731
470600
470632
470651
470703
470742
471608
471640
471691
471730
472617
472649
472700
472739
473607
473638
473690
473729
474616
474648
474699
474738
475607
475638
475658
475709
475763
476598
476628
476690
476720
477605
477637
477688
477727
478597
478628
478685
478718
479603
479635
479686
479725
480615
480647
480665
480717
480756
481603
481635
481686
481725
482613
482643
482696
482735
483602
483634
483687
483725
484612
484643
484695
484733
485603
485635
485653
485705
485744
486610
486642
486694
486733
487600
487631
487684
487723
488610
488641
488693
488732
489600
489631
489684
489721
490610
490642
490660
490713
490752
491598
491630
491683
491720
492608
492640
492691
492730
493597
493629
493681
493720
494588
494620
494678
494710
495598
495630
495648
495700
495739
496606
496637
496690
496728
497596
497628
497681
497718
498588
498619
498680
498710
499595
499627
499678
499717
500595
500627
500646
500698
500737
501586
501618
501673
501708
502594
502625
502677
502716
503603
503634
503686
503725
504593
504625
504678
504715
505604
505635
505654
505705
505744
506592
506624
506675
506714
507600
507632
507684
507723
508591
508622
508674
508712
509582
509614
509670
509704
510592
510622
510642
510693
510732
511599
511631
511682
511721
512589
512621
512672
512711
513580
513611
513669
513701
514588
514620
514671
514710
515599
515631
515649
515701
515740
516587
516619
516672
516709
517578
517610
517671
517700
518586
518618
518669
518708
519578
519609
519666
519700
520587
520619
520637
520689
520728
521594
521626
521678
521717
522585
522616
522670
522706
523576
523608
523669
523698
524583
524615
524666
524705
525594
525626
525645
525697
525735
526640
526645
526666
526705
527636
527642
527662
527695
528581
528613
528665
528703
529591
529623
529674
529713
530582
530614
530632
530684
530723
531590
531621
531674
531713
532580
532612
532663
532702
533588
533620
533672
533710
534579
534610
534662
534701
535572
535603
535622
535673
535712
536578
536609
536660
536699
537569
537601
537662
537691
538576
538608
538662
538698
539587
539619
539670
539709
540577
540609
540628
540680
540719
541586
541617
541669
541708
542575
542607
542658
542697
543585
543617
543668
543707
544574
544606
544657
544696
545567
545598
545617
545669
545708
546573
546605
546659
546696
547582
547614
547666
547705
548573
548604
548656
548695
549581
549613
549665
549703
550573
550604
550624
550675
550714
551581
551612
551664
551703
552570
552602
552655
552692
553580
553612
553663
553702
554569
554601
554653
554691
555580
555612
555631
555682
555721
556569
556600
556652
556691
557578
557609
557661
557700
558568
558600
558653
558690
559577
559608
559661
559699
560569
560600
560619
560670
560709
561559
561590
561646
561681
562566
562597
562649
562688
563575
563607
563658
563697
564564
564596
564648
564687
565575
565607
565625
565678
565716
566564
566596
566647
566686
567573
567605
567657
567696
568564
568596
568647
568686
569554
569586
569643
569676
570563
570595
570614
570665
570704
571573
571604
571656
571695
572561
572593
572646
572683
573571
573602
573654
573692
574560
574592
574644
574682
575571
575602
575622
575673
575712
576560
576591
576643
576681
577569
577601
577652
577691
578558
578590
578643
578680
579568
579600
579651
579690
580558
580590
580610
580661
580700
581567
581599
581650
581689
582556
582588
582639
582678
583566
583598
583649
583688
584556
584588
584641
584678
585556
585588
585607
585659
585698
586564
586596
586648
586687
587554
587586
587637
587676
588564
588596
588647
588686
589553
589585
589636
589675
590546
590577
590597
590648
590687
591552
591584
591638
591675
592562
592593
592646
592685
593550
593582
593633
593672
594561
594592
594643
594682
595552
595584
595603
595654
595693
596560
596591
596643
596682
597550
597581
597635
597671
598541
598573
598629
598664
599548
599580
599631
599670
600542
600573
600592
600644
600683
601548
601579
601631
601670
602557
602589
602640
602679
603546
603578
603632
603669
604556
604588
604640
604679
605547
605579
605597
605649
605688
606555
606586
606638
606676
607544
607576
607627
607666
608553
608585
608636
608675
609543
609574
609630
609666
610536
610568
610595
610647
610685
611535
611567
611623
611657
612542
612574
612625
612664
613553
613583
613636
613675
614542
614574
614625
614664
615535
615567
615593
615646
615685
616532
616564
616626
616654
617540
617572
617623
617662
618532
618564
618620
618654
619539
619571
619623
619662
620532
620564
620592
620643
620682
621530
621561
621619
621651
621979
622011
622062
622101
622969
623001
623052
623091
623980
624018
624063
624102
624973
625005
625032
625084
625123
625972
626002
626055
626094
626971
627003
627054
627093
627971
628001
628054
628092
628970
629001
629053
629092
629970
630002
630030
630081
630120
630969
631001
631052
631091
631987
632018
632070
632119
632976
633014
633059
633098
633967
633999
634051
634089
634969
635000
635027
635079
635118
635967
635998
636050
636089
636966
636998
637049
637088
637973
638011
638057
638096
638964
638996
639047
639086
639960
639991
640018
640070
640110
640962
640994
641045
641084
641961
641993
642044
642083
642963
642994
643046
643085
643959
643990
644042
644081
644957
644988
645016
645067
645112
646071
646112
646153
646192
646887
646918
646969
647012
647890
647922
647973
648011
648891
648922
648973
649012
649890
649922
649949
650005
650038
650890
650920
650972
651011
651890
651921
651972
652011
652883
652915
652966
653009
653883
653915
653966
654004
654888
654919
654947
655003
655036
655882
655913
655965
656003
656883
656914
656965
657004
657889
657920
657971
658009
658886
658917
658968
659018
659886
659917
659944
660005
660033
660885
660917
660968
661007
662026
662057
662109
662148
663016
663048
663100
663139
664026
664057
664109
664147
665017
665049
665076
665127
665166
666016
666047
666099
666138
667074
667106
667157
667198
668022
668054
668106
668144
669015
669046
669097
669136
670024
670056
670084
670135
670174
671022
671052
671105
671143
672013
672045
672096
672135
673021
673053
673104
673143
674012
674043
674096
674135
675021
675052
675080
675132
675171
676020
676051
676104
676142
677012
677043
677098
677134
678019
678050
678102
678140
679009
679041
679092
679131
680009
680041
680069
680120
680159
681017
681049
681100
681139
682010
682042
682093
682132
683017
683048
683100
683139
684007
684039
684091
684130
685017
685048
685075
685127
685166
686014
686046
686097
686136
687006
687038
687089
687128
688063
688095
688146
688188
689013
689045
689096
689135
690006
690036
690064
690116
690155
691004
691036
691087
691126
692012
692043
692094
692133
693003
693035
693087
693126
694019
694050
694102
694140
695012
695044
695070
695122
695161
696000
696032
696089
696123
697009
697040
697093
697132
698001
698033
698084
698123
699009
699040
699091
699130
700004
700036
700062
700114
700153
700998
701030
701086
701121
702007
702039
702090
702129
702998
703030
703082
703121
704008
704038
704091
704130
704998
705030
705057
705108
705147
706000
706032
706083
706122
707005
707036
707088
707127
707995
708027
708083
708117
709055
709087
709138
709178
710004
710036
710064
710115
710154
710994
711026
711077
711116
712003
712035
712086
712125
712993
713025
713076
713115
714001
714033
714084
714123
714994
715026
715054
715105
715144
715993
716024
716076
716114
717001
717033
717084
717123
718000
718030
718083
718121
718992
719024
719075
719114
720001
720032
720073
720120
720159
720999
721031
721083
721121
721989
722021
722073
722112
722998
723030
723082
723121
724005
724037
724088
724127
724999
725030
725070
725117
725156
725996
726028
726079
726118
726986
727018
727069
727108
727985
728016
728074
728107
728985
729017
729073
729107
730058
730090
730126
730177
730216
730994
731026
731077
731116
731982
732014
732067
732104
732982
733014
733067
733104
733982
734014
734066
734104
734984
735014
735050
735102
735141
735992
736024
736076
736115
736982
737013
737064
737103
737980
738012
738065
738102
738979
739011
739064
739101
740000
740032
740068
740120
740163
740979
741011
741068
741102
742024
742054
742106
742145
742838
742868
742920
742962
743837
743868
743919
743962
744837
744868
744903
744954
744993
745836
745868
745918
745961
746835
746867
746917
746960
747838
747870
747921
747965
748834
748866
748917
748964
749845
749876
749912
749962
750001
750842
750874
750925
750963
751834
751864
751916
751958
752833
752864
752915
752957
753845
753875
753927
753966
754842
754873
754909
754962
754999
755842
755872
755923
755962
756832
756862
756915
756956
757978
758009
758061
758099
758976
759008
759060
759099
759979
760010
760046
760097
760136
760975
761007
761059
761098
761975
762007
762058
762097
763025
763057
763109
763153
763974
764005
764057
764096
764975
765006
765042
765094
765133
765974
766006
766057
766096
766983
767014
767067
767106
767972
768004
768056
768094
768993
769025
769076
769115
769972
770003
770039
770091
770129
770971
771003
771054
771093
772023
772054
772106
772149
772971
773002
773054
773093
773989
774021
774072
774111
774971
775002
775037
775090
775129
775967
775999
776052
776089
776968
776999
777052
777090
777976
778008
778059
778098
778967
778998
779049
779088
779968
780000
780036
780087
780126
780965
780997
781048
781087
781965
781997
782048
782087
782964
782996
783048
783087
783973
784004
784056
784095
785026
785057
785093
785144
785183
785964
785995
786046
786085
786974
787005
787057
787096
787962
787994
788045
788084
788973
789005
789056
789095
789976
790007
790045
790094
790133
790962
790993
791045
791084
791961
791992
792044
792083
793010
793041
793094
793132
793960
793992
794043
794082
794962
794994
795029
795081
795120
795970
796002
796053
796092
796958
796990
797041
797080
797968
798000
798051
798090
798957
798989
799041
799080
799960
799991
800027
800078
800117
800957
800989
801052
801079
801967
801998
802051
802089
802956
802988
803039
803078
803955
803986
804038
804077
804957
804988
805024
805075
805114
806006
806038
806089
806137
806953
806985
807036
807075
807961
807993
808044
808083
808971
809003
809054
809093
809964
809995
810036
810083
810122
810961
810993
811044
811083
811951
811982
812035
812073
812951
812983
813034
813073
813959
813990
814042
814081
815001
815033
815069
815121
815160
815961
815992
816044
816082
816949
816980
817033
817072
817948
817980
818032
818071
818947
818978
819031
819069
819950
819982
820018
820069
820108
820948
820980
821031
821070
821946
821978
822030
822069
822956
822987
823038
823077
823946
823977
824029
824068
824947
824979
825014
825066
825105
825947
825978
826030
826068
826995
827027
827078
827122
827943
827975
828027
828065
828943
828975
829026
829065
829944
829976
830012
830063
830102
830952
830984
831036
831075
831944
831976
832028
832067
832942
832973
833025
833063
833951
833982
834034
834073
834941
834973
835009
835061
835100
836012
836042
836094
836133
836951
836982
837033
837072
837950
837982
838033
838072
838939
838970
839022
839061
839940
839971
840007
840058
840097
840938
840970
841021
841060
841938
841970
842021
842060
842938
842970
843021
843060
843944
843976
844027
844066
844944
844976
845015
845063
845102
845937
845968
846020
846059
846946
846978
847029
847068
847984
848018
848068
848113
848935
848967
849018
849057
849936
849968
850003
850055
850094
850933
850965
851016
851055
851933
851964
852016
852055
852932
852964
853015
853054
853932
853963
854014
854053
854933
854965
855001
855052
855091
855932
855964
856015
856054
856980
857012
857063
857109
857931
857962
858014
858053
858940
858972
859023
859062
859940
859972
860008
860059
860098
860929
860960
861011
861050
861929
861961
862013
862052
862928
862960
863011
863050
863928
863960
864022
864050
864927
864959
864995
865047
865086
865925
865956
866009
866046
866926
866957
867009
867048
867926
867957
868009
868048
868932
868964
869015
869054
869977
870046
870051
870095
870134
870924
870956
871007
871046
871923
871955
872006
872045
872923
872954
873006
873044
873931
873962
874014
874053
874925
874956
874991
875043
875082
875921
875953
876005
876043
876921
876952
877004
877043
877970
878002
878053
878092
878930
878962
879014
879053
879932
879964
880000
880051
880090
880920
880952
881003
881042
881918
881950
882002
882040
882918
882950
883002
883040
883918
883950
884001
884040
884920
884952
884987
885039
885078
885918
885950
886001
886040
886916
886947
886999
887037
887916
887948
888000
888038
888915
888947
888998
889037
889926
889957
889994
890045
890084
890975
891006
891059
891098
891915
891945
891998
892037
892913
892945
892996
893035
893913
893944
893997
894034
894914
894945
894981
895033
895072
895911
895942
895994
896033
896911
896943
896994
897033
897931
897963
898014
898053
898917
898949
899000
899039
899973
